#  JIO#
#  Name of dataset:	
#  Generating program:	Fresn-Main-AD2-v1.vi
#  Saved on file:	17-6-2025	13:57
#  Total number of sections:	1
#  ***SECTION	Dataset
#  *FREE
#  Model: CCD-S3600-D(-UV)
#  Hardware Revision: A1.00
#  Firmware Revision: A1.10
#  Serial Number:   015035288C33EBB5
#  type apertuur:
#  *PARA
#  n			aantal spleten 
#  a		mm	afstand tussen spleten 
#  b		mm	breedte spleten
#  l		m	Golflengte 
#  d	0	m	afstand puntbron tot apertuur
#  lB		m	afstand bronlens tot apertuur
#  fB		m	brandpuntsafstand bronlens
#  s	0	m	afstand apertuur tot scherm 
#  lS	 	m	afstand  apertuur tot schermlens 
#  fS		m	brandpuntsafstand schermlens 
#  p	8	um	Sensor Pixel Pitch
#  U	2.30	V	Voltage_Laserdiode
#  T	20	us	Integration Time
#  n	32		Scans per Acquisition
#  HwC	Off		Hardware Dark Correction
#  *DATA	3648	rows	2	columns
#  Index   	Averages
       0	479.969  
       1	491.562  
       2	503.406  
       3	513.875  
       4	531.906  
       5	548.781  
       6	566.750  
       7	582.156  
       8	592.594  
       9	598.781  
      10	602.750  
      11	607.031  
      12	611.344  
      13	615.656  
      14	620.562  
      15	625.625  
      16	629.406  
      17	632.406  
      18	641.719  
      19	640.250  
      20	653.562  
      21	654.344  
      22	654.281  
      23	651.781  
      24	659.406  
      25	664.937  
      26	671.469  
      27	677.406  
      28	679.281  
      29	679.031  
      30	678.125  
      31	677.500  
      32	678.312  
      33	679.562  
      34	681.437  
      35	683.062  
      36	684.094  
      37	684.812  
      38	693.094  
      39	690.562  
      40	703.781  
      41	701.594  
      42	699.219  
      43	694.187  
      44	697.781  
      45	700.437  
      46	705.906  
      47	708.187  
      48	709.187  
      49	707.281  
      50	703.437  
      51	700.812  
      52	698.687  
      53	696.594  
      54	696.844  
      55	698.094  
      56	698.344  
      57	698.219  
      58	705.062  
      59	700.562  
      60	712.625  
      61	708.375  
      62	703.406  
      63	698.031  
      64	701.969  
      65	705.000  
      66	710.375  
      67	713.250  
      68	713.125  
      69	710.750  
      70	707.312  
      71	703.812  
      72	700.844  
      73	698.812  
      74	697.812  
      75	697.187  
      76	696.906  
      77	695.437  
      78	702.281  
      79	697.531  
      80	710.187  
      81	707.719  
      82	703.625  
      83	697.562  
      84	700.656  
      85	701.812  
      86	706.625  
      87	709.094  
      88	707.344  
      89	704.156  
      90	699.594  
      91	695.469  
      92	693.281  
      93	691.812  
      94	691.937  
      95	692.094  
      96	690.937  
      97	690.031  
      98	696.344  
      99	692.281  
     100	703.469  
     101	699.375  
     102	694.719  
     103	688.344  
     104	691.375  
     105	693.656  
     106	698.219  
     107	700.844  
     108	699.031  
     109	696.531  
     110	692.594  
     111	688.750  
     112	686.781  
     113	685.625  
     114	686.031  
     115	685.500  
     116	684.250  
     117	683.781  
     118	690.375  
     119	687.000  
     120	697.969  
     121	693.281  
     122	689.937  
     123	684.719  
     124	687.437  
     125	689.594  
     126	693.312  
     127	696.625  
     128	695.719  
     129	693.500  
     130	690.375  
     131	687.250  
     132	684.094  
     133	682.281  
     134	681.906  
     135	681.719  
     136	682.656  
     137	681.437  
     138	687.656  
     139	683.594  
     140	695.719  
     141	694.062  
     142	690.781  
     143	685.031  
     144	688.562  
     145	691.281  
     146	695.812  
     147	699.375  
     148	700.375  
     149	698.125  
     150	695.750  
     151	693.000  
     152	689.969  
     153	689.625  
     154	689.625  
     155	689.125  
     156	689.031  
     157	688.719  
     158	694.875  
     159	691.656  
     160	704.969  
     161	702.062  
     162	698.625  
     163	694.250  
     164	698.750  
     165	702.719  
     166	709.594  
     167	713.500  
     168	714.594  
     169	712.125  
     170	709.406  
     171	707.781  
     172	706.719  
     173	706.094  
     174	706.187  
     175	706.312  
     176	706.125  
     177	705.937  
     178	712.625  
     179	708.969  
     180	722.281  
     181	718.594  
     182	714.531  
     183	708.719  
     184	712.000  
     185	715.156  
     186	720.594  
     187	723.719  
     188	722.844  
     189	719.812  
     190	715.844  
     191	713.719  
     192	710.656  
     193	709.531  
     194	709.969  
     195	710.031  
     196	710.250  
     197	708.656  
     198	713.937  
     199	709.562  
     200	723.344  
     201	718.406  
     202	714.125  
     203	708.531  
     204	711.750  
     205	714.219  
     206	717.562  
     207	719.625  
     208	719.031  
     209	715.594  
     210	711.969  
     211	707.875  
     212	705.719  
     213	705.219  
     214	704.812  
     215	703.125  
     216	701.000  
     217	699.437  
     218	705.594  
     219	700.437  
     220	712.406  
     221	707.906  
     222	703.250  
     223	697.156  
     224	699.719  
     225	702.281  
     226	706.156  
     227	708.094  
     228	708.500  
     229	706.437  
     230	702.469  
     231	698.594  
     232	696.344  
     233	694.187  
     234	693.531  
     235	693.125  
     236	692.656  
     237	690.906  
     238	695.937  
     239	691.281  
     240	704.187  
     241	702.219  
     242	696.687  
     243	690.562  
     244	693.000  
     245	696.000  
     246	699.719  
     247	701.656  
     248	701.094  
     249	697.281  
     250	693.406  
     251	689.281  
     252	686.906  
     253	686.062  
     254	686.125  
     255	684.937  
     256	684.750  
     257	683.437  
     258	691.000  
     259	687.375  
     260	700.969  
     261	698.250  
     262	694.187  
     263	688.812  
     264	692.781  
     265	696.906  
     266	703.406  
     267	707.937  
     268	707.781  
     269	705.437  
     270	702.219  
     271	698.750  
     272	697.937  
     273	697.500  
     274	698.594  
     275	700.125  
     276	701.000  
     277	699.719  
     278	706.594  
     279	701.750  
     280	715.594  
     281	712.656  
     282	709.250  
     283	704.531  
     284	708.094  
     285	710.875  
     286	716.906  
     287	720.062  
     288	720.156  
     289	717.812  
     290	715.344  
     291	713.375  
     292	711.187  
     293	709.469  
     294	709.500  
     295	710.125  
     296	711.062  
     297	711.625  
     298	719.125  
     299	715.625  
     300	729.812  
     301	726.594  
     302	722.344  
     303	717.156  
     304	721.562  
     305	724.000  
     306	728.687  
     307	731.906  
     308	732.031  
     309	728.406  
     310	724.656  
     311	721.656  
     312	720.687  
     313	719.656  
     314	719.844  
     315	719.906  
     316	719.375  
     317	717.594  
     318	724.750  
     319	719.812  
     320	732.625  
     321	729.062  
     322	723.562  
     323	716.312  
     324	719.937  
     325	721.625  
     326	727.219  
     327	730.500  
     328	729.187  
     329	725.500  
     330	721.812  
     331	717.656  
     332	715.156  
     333	713.250  
     334	712.625  
     335	712.469  
     336	711.687  
     337	710.437  
     338	717.156  
     339	713.219  
     340	724.969  
     341	718.937  
     342	713.937  
     343	709.875  
     344	712.219  
     345	714.281  
     346	718.687  
     347	721.094  
     348	720.750  
     349	717.281  
     350	713.281  
     351	709.562  
     352	705.656  
     353	702.906  
     354	701.031  
     355	700.375  
     356	699.844  
     357	697.781  
     358	703.125  
     359	697.656  
     360	709.906  
     361	705.844  
     362	701.469  
     363	696.281  
     364	699.625  
     365	702.219  
     366	707.437  
     367	710.562  
     368	710.437  
     369	707.656  
     370	703.562  
     371	699.750  
     372	697.000  
     373	695.875  
     374	695.531  
     375	695.312  
     376	694.844  
     377	693.437  
     378	699.812  
     379	695.469  
     380	707.531  
     381	704.750  
     382	701.094  
     383	696.594  
     384	698.531  
     385	701.531  
     386	706.250  
     387	708.906  
     388	709.719  
     389	707.250  
     390	704.344  
     391	701.812  
     392	700.469  
     393	699.531  
     394	699.562  
     395	700.000  
     396	699.812  
     397	699.656  
     398	707.500  
     399	703.781  
     400	717.437  
     401	715.062  
     402	711.062  
     403	706.156  
     404	710.875  
     405	713.250  
     406	717.875  
     407	720.812  
     408	721.937  
     409	720.375  
     410	718.625  
     411	716.719  
     412	715.469  
     413	715.219  
     414	715.250  
     415	716.594  
     416	717.531  
     417	717.875  
     418	724.812  
     419	722.406  
     420	736.656  
     421	733.469  
     422	729.750  
     423	724.812  
     424	728.344  
     425	732.281  
     426	739.000  
     427	744.406  
     428	745.656  
     429	745.156  
     430	740.594  
     431	737.000  
     432	734.312  
     433	733.906  
     434	734.812  
     435	736.094  
     436	736.531  
     437	736.250  
     438	742.094  
     439	737.812  
     440	752.156  
     441	746.969  
     442	741.812  
     443	737.312  
     444	741.125  
     445	743.219  
     446	747.531  
     447	750.437  
     448	750.094  
     449	746.937  
     450	743.312  
     451	739.531  
     452	736.937  
     453	736.844  
     454	737.094  
     455	735.750  
     456	735.562  
     457	733.875  
     458	739.250  
     459	734.062  
     460	747.219  
     461	742.531  
     462	738.031  
     463	731.406  
     464	732.969  
     465	734.531  
     466	739.250  
     467	741.562  
     468	741.469  
     469	736.375  
     470	731.031  
     471	727.250  
     472	723.500  
     473	721.625  
     474	721.062  
     475	719.375  
     476	718.406  
     477	717.375  
     478	722.625  
     479	717.594  
     480	730.844  
     481	725.594  
     482	720.625  
     483	714.969  
     484	718.187  
     485	720.000  
     486	724.594  
     487	727.312  
     488	726.187  
     489	722.687  
     490	718.594  
     491	713.781  
     492	710.625  
     493	710.375  
     494	709.031  
     495	707.406  
     496	707.281  
     497	705.906  
     498	712.437  
     499	707.625  
     500	720.594  
     501	717.781  
     502	713.781  
     503	708.406  
     504	712.406  
     505	716.281  
     506	720.281  
     507	724.187  
     508	724.625  
     509	721.594  
     510	717.875  
     511	714.094  
     512	712.781  
     513	712.562  
     514	713.219  
     515	713.812  
     516	713.219  
     517	713.125  
     518	720.250  
     519	717.000  
     520	732.062  
     521	728.281  
     522	723.781  
     523	718.187  
     524	722.906  
     525	726.625  
     526	732.844  
     527	736.469  
     528	736.625  
     529	733.281  
     530	729.031  
     531	725.719  
     532	725.406  
     533	726.531  
     534	727.562  
     535	728.906  
     536	730.156  
     537	730.094  
     538	737.750  
     539	734.687  
     540	751.000  
     541	749.094  
     542	745.250  
     543	741.219  
     544	746.219  
     545	750.250  
     546	757.219  
     547	762.875  
     548	764.406  
     549	761.531  
     550	758.219  
     551	755.594  
     552	754.500  
     553	754.562  
     554	755.437  
     555	756.656  
     556	757.437  
     557	757.750  
     558	764.187  
     559	760.375  
     560	776.437  
     561	770.844  
     562	765.469  
     563	760.312  
     564	763.750  
     565	765.719  
     566	771.937  
     567	775.906  
     568	777.250  
     569	773.594  
     570	768.937  
     571	763.969  
     572	760.937  
     573	757.437  
     574	755.719  
     575	756.219  
     576	755.687  
     577	754.656  
     578	760.125  
     579	755.844  
     580	771.625  
     581	767.875  
     582	763.094  
     583	757.812  
     584	759.844  
     585	761.375  
     586	765.000  
     587	768.812  
     588	768.375  
     589	764.187  
     590	758.656  
     591	751.312  
     592	746.812  
     593	743.062  
     594	741.156  
     595	740.312  
     596	738.906  
     597	737.281  
     598	742.844  
     599	737.312  
     600	750.500  
     601	746.250  
     602	740.344  
     603	734.750  
     604	736.844  
     605	738.906  
     606	743.531  
     607	746.719  
     608	746.594  
     609	743.500  
     610	739.625  
     611	734.375  
     612	730.531  
     613	727.312  
     614	726.344  
     615	725.656  
     616	724.937  
     617	723.719  
     618	729.656  
     619	724.844  
     620	738.812  
     621	733.875  
     622	729.531  
     623	722.656  
     624	724.562  
     625	728.250  
     626	732.906  
     627	735.844  
     628	736.844  
     629	733.875  
     630	730.344  
     631	726.156  
     632	722.844  
     633	722.344  
     634	722.375  
     635	722.781  
     636	723.094  
     637	722.094  
     638	728.406  
     639	724.531  
     640	738.594  
     641	735.344  
     642	731.719  
     643	726.937  
     644	731.469  
     645	735.500  
     646	742.594  
     647	747.469  
     648	747.156  
     649	746.625  
     650	744.812  
     651	742.187  
     652	740.281  
     653	739.437  
     654	740.156  
     655	742.219  
     656	743.187  
     657	744.156  
     658	751.437  
     659	747.812  
     660	764.500  
     661	761.531  
     662	757.469  
     663	754.281  
     664	760.125  
     665	764.125  
     666	772.156  
     667	778.000  
     668	778.906  
     669	776.719  
     670	773.562  
     671	771.219  
     672	769.562  
     673	768.125  
     674	769.375  
     675	769.531  
     676	769.875  
     677	769.844  
     678	776.969  
     679	773.625  
     680	792.281  
     681	789.875  
     682	786.375  
     683	782.281  
     684	786.687  
     685	788.625  
     686	793.875  
     687	799.406  
     688	798.781  
     689	793.469  
     690	788.000  
     691	784.219  
     692	781.594  
     693	779.437  
     694	779.594  
     695	781.156  
     696	781.156  
     697	779.687  
     698	785.406  
     699	780.969  
     700	799.594  
     701	793.906  
     702	787.125  
     703	780.937  
     704	782.812  
     705	784.062  
     706	788.812  
     707	792.187  
     708	791.219  
     709	786.594  
     710	781.844  
     711	777.125  
     712	773.500  
     713	770.562  
     714	767.750  
     715	767.000  
     716	764.875  
     717	761.562  
     718	766.656  
     719	761.094  
     720	775.937  
     721	770.094  
     722	762.844  
     723	756.187  
     724	759.187  
     725	761.281  
     726	765.187  
     727	767.094  
     728	765.281  
     729	761.000  
     730	755.687  
     731	750.594  
     732	746.344  
     733	742.656  
     734	740.969  
     735	739.750  
     736	738.812  
     737	738.312  
     738	744.219  
     739	739.562  
     740	752.594  
     741	747.437  
     742	740.750  
     743	734.219  
     744	736.531  
     745	737.875  
     746	743.156  
     747	745.500  
     748	744.750  
     749	742.312  
     750	738.000  
     751	733.875  
     752	730.562  
     753	728.625  
     754	728.062  
     755	727.906  
     756	728.687  
     757	729.562  
     758	735.812  
     759	733.062  
     760	749.094  
     761	745.719  
     762	741.937  
     763	737.219  
     764	741.750  
     765	744.906  
     766	751.281  
     767	755.531  
     768	756.219  
     769	754.562  
     770	752.250  
     771	749.031  
     772	747.812  
     773	748.281  
     774	748.969  
     775	749.469  
     776	750.344  
     777	751.406  
     778	759.875  
     779	758.219  
     780	775.375  
     781	770.969  
     782	766.969  
     783	764.344  
     784	769.937  
     785	774.656  
     786	782.094  
     787	786.844  
     788	787.906  
     789	785.406  
     790	783.062  
     791	779.937  
     792	779.031  
     793	777.781  
     794	780.375  
     795	783.031  
     796	784.937  
     797	786.031  
     798	794.687  
     799	793.312  
     800	813.187  
     801	808.719  
     802	803.469  
     803	799.531  
     804	802.906  
     805	806.187  
     806	814.031  
     807	818.750  
     808	820.906  
     809	818.812  
     810	813.406  
     811	808.781  
     812	806.156  
     813	804.719  
     814	804.844  
     815	805.187  
     816	805.906  
     817	805.344  
     818	810.437  
     819	807.437  
     820	826.437  
     821	820.937  
     822	813.156  
     823	806.406  
     824	809.250  
     825	811.094  
     826	815.625  
     827	818.781  
     828	818.687  
     829	812.750  
     830	807.219  
     831	802.125  
     832	798.406  
     833	795.406  
     834	793.469  
     835	793.437  
     836	791.656  
     837	788.844  
     838	794.594  
     839	789.656  
     840	806.625  
     841	799.687  
     842	792.094  
     843	785.219  
     844	786.875  
     845	786.594  
     846	791.344  
     847	794.500  
     848	793.500  
     849	788.812  
     850	781.406  
     851	775.312  
     852	769.437  
     853	766.656  
     854	764.406  
     855	763.187  
     856	761.781  
     857	758.187  
     858	762.812  
     859	758.406  
     860	772.875  
     861	765.219  
     862	759.625  
     863	753.875  
     864	755.219  
     865	755.750  
     866	759.281  
     867	762.000  
     868	761.062  
     869	756.969  
     870	752.344  
     871	748.062  
     872	744.375  
     873	743.531  
     874	744.125  
     875	744.375  
     876	744.062  
     877	742.719  
     878	748.844  
     879	744.781  
     880	759.656  
     881	753.250  
     882	748.750  
     883	743.031  
     884	746.875  
     885	750.219  
     886	757.187  
     887	761.906  
     888	763.062  
     889	758.625  
     890	754.812  
     891	751.156  
     892	750.094  
     893	749.187  
     894	749.187  
     895	751.656  
     896	753.625  
     897	755.656  
     898	764.000  
     899	762.062  
     900	781.031  
     901	777.969  
     902	775.062  
     903	772.531  
     904	778.844  
     905	783.781  
     906	792.187  
     907	798.187  
     908	799.469  
     909	797.625  
     910	795.562  
     911	792.719  
     912	792.469  
     913	793.031  
     914	794.906  
     915	796.687  
     916	799.344  
     917	801.969  
     918	809.531  
     919	807.656  
     920	830.531  
     921	826.344  
     922	823.656  
     923	821.594  
     924	827.719  
     925	831.719  
     926	841.219  
     927	847.562  
     928	850.406  
     929	846.406  
     930	842.281  
     931	838.687  
     932	835.437  
     933	834.844  
     934	837.562  
     935	841.187  
     936	842.781  
     937	842.687  
     938	849.531  
     939	848.687  
     940	871.437  
     941	865.906  
     942	859.219  
     943	852.125  
     944	855.187  
     945	856.437  
     946	864.406  
     947	871.219  
     948	871.625  
     949	866.406  
     950	858.969  
     951	851.969  
     952	849.062  
     953	848.031  
     954	845.594  
     955	843.875  
     956	842.562  
     957	841.094  
     958	846.437  
     959	841.562  
     960	862.156  
     961	853.875  
     962	844.812  
     963	835.469  
     964	835.656  
     965	835.687  
     966	839.750  
     967	840.781  
     968	837.781  
     969	831.406  
     970	822.250  
     971	815.250  
     972	809.219  
     973	804.625  
     974	802.781  
     975	799.687  
     976	798.219  
     977	794.594  
     978	798.594  
     979	792.906  
     980	808.781  
     981	800.312  
     982	792.094  
     983	783.812  
     984	785.281  
     985	785.250  
     986	790.312  
     987	793.000  
     988	791.281  
     989	785.937  
     990	778.812  
     991	772.687  
     992	768.219  
     993	765.531  
     994	763.844  
     995	763.562  
     996	762.375  
     997	763.375  
     998	769.656  
     999	763.937  
    1000	778.812  
    1001	772.750  
    1002	767.219  
    1003	761.312  
    1004	763.094  
    1005	765.500  
    1006	769.062  
    1007	773.187  
    1008	774.031  
    1009	772.250  
    1010	768.156  
    1011	764.469  
    1012	762.656  
    1013	762.156  
    1014	764.000  
    1015	765.969  
    1016	767.875  
    1017	769.562  
    1018	777.250  
    1019	774.937  
    1020	794.906  
    1021	792.125  
    1022	788.250  
    1023	785.031  
    1024	792.875  
    1025	798.406  
    1026	806.062  
    1027	813.625  
    1028	817.031  
    1029	818.312  
    1030	816.312  
    1031	816.469  
    1032	816.500  
    1033	817.844  
    1034	818.875  
    1035	822.469  
    1036	825.750  
    1037	829.187  
    1038	837.406  
    1039	837.375  
    1040	860.562  
    1041	856.844  
    1042	851.937  
    1043	849.437  
    1044	856.687  
    1045	861.781  
    1046	872.781  
    1047	881.031  
    1048	883.719  
    1049	880.937  
    1050	876.437  
    1051	872.437  
    1052	871.906  
    1053	874.375  
    1054	876.969  
    1055	878.062  
    1056	879.250  
    1057	881.406  
    1058	888.687  
    1059	889.531  
    1060	918.844  
    1061	912.375  
    1062	905.125  
    1063	901.000  
    1064	903.656  
    1065	907.000  
    1066	916.812  
    1067	923.656  
    1068	924.187  
    1069	919.312  
    1070	911.844  
    1071	905.094  
    1072	898.531  
    1073	895.875  
    1074	894.844  
    1075	894.844  
    1076	895.062  
    1077	894.406  
    1078	899.781  
    1079	895.219  
    1080	919.625  
    1081	907.437  
    1082	895.406  
    1083	887.844  
    1084	888.125  
    1085	890.156  
    1086	895.500  
    1087	898.406  
    1088	894.875  
    1089	886.687  
    1090	876.906  
    1091	868.375  
    1092	861.219  
    1093	858.312  
    1094	857.281  
    1095	854.937  
    1096	851.781  
    1097	847.656  
    1098	850.437  
    1099	845.125  
    1100	862.125  
    1101	851.312  
    1102	840.719  
    1103	831.031  
    1104	831.125  
    1105	831.875  
    1106	836.094  
    1107	836.062  
    1108	832.469  
    1109	826.750  
    1110	818.125  
    1111	810.406  
    1112	803.937  
    1113	800.562  
    1114	797.031  
    1115	794.406  
    1116	792.187  
    1117	789.719  
    1118	795.594  
    1119	788.719  
    1120	805.187  
    1121	799.375  
    1122	792.781  
    1123	786.312  
    1124	789.250  
    1125	790.250  
    1126	795.812  
    1127	799.469  
    1128	799.562  
    1129	796.312  
    1130	790.594  
    1131	786.187  
    1132	783.250  
    1133	781.969  
    1134	780.719  
    1135	782.969  
    1136	784.094  
    1137	783.375  
    1138	791.656  
    1139	790.312  
    1140	809.844  
    1141	807.125  
    1142	803.281  
    1143	799.219  
    1144	804.719  
    1145	810.469  
    1146	819.812  
    1147	826.625  
    1148	830.937  
    1149	829.812  
    1150	827.562  
    1151	825.875  
    1152	827.062  
    1153	828.687  
    1154	831.687  
    1155	835.406  
    1156	838.750  
    1157	842.781  
    1158	853.500  
    1159	855.500  
    1160	884.625  
    1161	882.187  
    1162	880.187  
    1163	880.187  
    1164	888.062  
    1165	895.031  
    1166	909.375  
    1167	920.344  
    1168	924.344  
    1169	922.281  
    1170	919.719  
    1171	917.281  
    1172	918.250  
    1173	917.937  
    1174	921.406  
    1175	924.250  
    1176	927.219  
    1177	931.156  
    1178	941.844  
    1179	941.875  
    1180	972.719  
    1181	964.875  
    1182	957.281  
    1183	954.937  
    1184	958.781  
    1185	963.906  
    1186	974.125  
    1187	981.531  
    1188	984.500  
    1189	980.937  
    1190	972.750  
    1191	965.531  
    1192	959.500  
    1193	955.375  
    1194	954.406  
    1195	951.562  
    1196	951.625  
    1197	951.562  
    1198	955.187  
    1199	950.500  
    1200	977.469  
    1201	966.312  
    1202	953.594  
    1203	945.094  
    1204	947.375  
    1205	944.406  
    1206	949.250  
    1207	954.875  
    1208	952.594  
    1209	943.094  
    1210	932.219  
    1211	922.187  
    1212	912.937  
    1213	906.000  
    1214	901.031  
    1215	897.187  
    1216	893.937  
    1217	890.937  
    1218	892.625  
    1219	887.375  
    1220	909.000  
    1221	896.719  
    1222	884.812  
    1223	876.375  
    1224	873.094  
    1225	872.750  
    1226	876.094  
    1227	876.062  
    1228	873.656  
    1229	864.875  
    1230	854.656  
    1231	846.125  
    1232	838.937  
    1233	833.906  
    1234	830.594  
    1235	827.187  
    1236	824.281  
    1237	820.656  
    1238	824.844  
    1239	820.594  
    1240	837.781  
    1241	828.969  
    1242	820.719  
    1243	812.875  
    1244	814.500  
    1245	815.625  
    1246	819.969  
    1247	823.250  
    1248	822.344  
    1249	820.469  
    1250	814.844  
    1251	809.875  
    1252	806.750  
    1253	806.875  
    1254	808.187  
    1255	809.562  
    1256	809.844  
    1257	810.469  
    1258	817.906  
    1259	815.875  
    1260	838.594  
    1261	834.469  
    1262	831.969  
    1263	830.156  
    1264	838.719  
    1265	844.781  
    1266	857.187  
    1267	866.937  
    1268	871.875  
    1269	873.719  
    1270	873.031  
    1271	872.156  
    1272	874.781  
    1273	879.187  
    1274	883.687  
    1275	889.375  
    1276	897.219  
    1277	904.344  
    1278	917.500  
    1279	923.344  
    1280	958.187  
    1281	955.469  
    1282	953.594  
    1283	957.562  
    1284	967.281  
    1285	979.281  
    1286	997.562  
    1287	1015.281 
    1288	1025.469 
    1289	1029.906 
    1290	1029.156 
    1291	1029.656 
    1292	1034.625 
    1293	1041.594 
    1294	1047.187 
    1295	1053.937 
    1296	1061.406 
    1297	1067.125 
    1298	1079.125 
    1299	1083.719 
    1300	1129.719 
    1301	1119.594 
    1302	1109.156 
    1303	1111.375 
    1304	1116.969 
    1305	1123.312 
    1306	1139.125 
    1307	1148.312 
    1308	1146.125 
    1309	1139.687 
    1310	1127.969 
    1311	1120.281 
    1312	1116.500 
    1313	1113.656 
    1314	1116.187 
    1315	1119.281 
    1316	1119.906 
    1317	1120.687 
    1318	1124.812 
    1319	1123.094 
    1320	1161.375 
    1321	1143.562 
    1322	1131.656 
    1323	1125.531 
    1324	1125.312 
    1325	1125.250 
    1326	1134.375 
    1327	1136.094 
    1328	1129.187 
    1329	1115.125 
    1330	1101.219 
    1331	1086.594 
    1332	1078.969 
    1333	1071.031 
    1334	1063.750 
    1335	1057.656 
    1336	1050.594 
    1337	1044.906 
    1338	1043.187 
    1339	1036.781 
    1340	1063.781 
    1341	1041.937 
    1342	1022.687 
    1343	1008.969 
    1344	1001.969 
    1345	995.156  
    1346	995.562  
    1347	993.156  
    1348	982.875  
    1349	970.344  
    1350	956.469  
    1351	942.937  
    1352	932.469  
    1353	923.656  
    1354	917.812  
    1355	911.250  
    1356	907.375  
    1357	901.344  
    1358	902.844  
    1359	894.625  
    1360	915.187  
    1361	902.000  
    1362	890.375  
    1363	879.406  
    1364	876.469  
    1365	876.531  
    1366	882.062  
    1367	883.812  
    1368	881.000  
    1369	872.750  
    1370	862.625  
    1371	855.000  
    1372	849.656  
    1373	847.687  
    1374	847.844  
    1375	847.687  
    1376	847.281  
    1377	846.937  
    1378	853.500  
    1379	853.281  
    1380	879.625  
    1381	873.594  
    1382	869.344  
    1383	867.625  
    1384	874.250  
    1385	880.812  
    1386	894.594  
    1387	906.625  
    1388	911.875  
    1389	913.625  
    1390	914.000  
    1391	914.656  
    1392	917.062  
    1393	924.719  
    1394	932.500  
    1395	939.500  
    1396	949.219  
    1397	960.594  
    1398	977.406  
    1399	986.937  
    1400	1031.000 
    1401	1035.156 
    1402	1034.781 
    1403	1043.281 
    1404	1061.094 
    1405	1078.469 
    1406	1107.594 
    1407	1132.281 
    1408	1144.937 
    1409	1153.156 
    1410	1150.937 
    1411	1154.812 
    1412	1164.719 
    1413	1173.312 
    1414	1185.375 
    1415	1199.125 
    1416	1211.031 
    1417	1222.406 
    1418	1239.844 
    1419	1253.062 
    1420	1312.750 
    1421	1298.031 
    1422	1289.469 
    1423	1293.437 
    1424	1300.656 
    1425	1310.281 
    1426	1331.625 
    1427	1346.156 
    1428	1354.500 
    1429	1347.156 
    1430	1339.000 
    1431	1339.500 
    1432	1339.812 
    1433	1341.562 
    1434	1343.344 
    1435	1349.625 
    1436	1356.906 
    1437	1362.281 
    1438	1375.250 
    1439	1390.875 
    1440	1442.437 
    1441	1398.250 
    1442	1362.094 
    1443	1352.687 
    1444	1349.844 
    1445	1349.656 
    1446	1360.344 
    1447	1369.562 
    1448	1354.812 
    1449	1330.469 
    1450	1311.250 
    1451	1291.469 
    1452	1279.312 
    1453	1273.687 
    1454	1274.750 
    1455	1275.000 
    1456	1274.469 
    1457	1268.844 
    1458	1262.687 
    1459	1249.406 
    1460	1277.437 
    1461	1234.500 
    1462	1202.812 
    1463	1186.312 
    1464	1176.906 
    1465	1175.375 
    1466	1179.469 
    1467	1176.031 
    1468	1163.844 
    1469	1142.312 
    1470	1114.031 
    1471	1093.281 
    1472	1080.500 
    1473	1071.844 
    1474	1063.969 
    1475	1056.156 
    1476	1044.281 
    1477	1031.375 
    1478	1024.719 
    1479	1012.750 
    1480	1033.687 
    1481	1012.500 
    1482	987.625  
    1483	970.719  
    1484	963.062  
    1485	955.156  
    1486	955.281  
    1487	951.469  
    1488	940.875  
    1489	928.750  
    1490	915.812  
    1491	903.781  
    1492	894.062  
    1493	887.937  
    1494	882.969  
    1495	879.562  
    1496	874.312  
    1497	871.594  
    1498	876.562  
    1499	874.687  
    1500	899.594  
    1501	890.875  
    1502	881.125  
    1503	877.125  
    1504	882.094  
    1505	887.250  
    1506	897.531  
    1507	907.000  
    1508	912.781  
    1509	913.500  
    1510	912.906  
    1511	914.812  
    1512	920.125  
    1513	927.937  
    1514	936.469  
    1515	949.469  
    1516	963.469  
    1517	975.594  
    1518	994.937  
    1519	1010.937 
    1520	1064.531 
    1521	1076.312 
    1522	1086.375 
    1523	1101.937 
    1524	1125.062 
    1525	1151.781 
    1526	1188.187 
    1527	1221.500 
    1528	1245.062 
    1529	1257.719 
    1530	1262.562 
    1531	1273.500 
    1532	1281.500 
    1533	1293.062 
    1534	1312.312 
    1535	1340.437 
    1536	1365.125 
    1537	1389.344 
    1538	1416.750 
    1539	1445.031 
    1540	1522.687 
    1541	1500.875 
    1542	1494.031 
    1543	1515.625 
    1544	1546.625 
    1545	1578.281 
    1546	1612.969 
    1547	1653.594 
    1548	1677.750 
    1549	1682.250 
    1550	1669.031 
    1551	1654.187 
    1552	1655.812 
    1553	1662.594 
    1554	1679.469 
    1555	1694.781 
    1556	1715.562 
    1557	1731.375 
    1558	1745.594 
    1559	1772.250 
    1560	1847.937 
    1561	1790.000 
    1562	1747.281 
    1563	1738.094 
    1564	1731.500 
    1565	1735.812 
    1566	1759.625 
    1567	1777.125 
    1568	1763.000 
    1569	1731.375 
    1570	1706.625 
    1571	1680.187 
    1572	1669.094 
    1573	1653.437 
    1574	1642.344 
    1575	1635.625 
    1576	1624.312 
    1577	1601.000 
    1578	1590.219 
    1579	1595.094 
    1580	1639.031 
    1581	1561.562 
    1582	1507.687 
    1583	1486.156 
    1584	1460.469 
    1585	1448.844 
    1586	1456.250 
    1587	1455.156 
    1588	1439.344 
    1589	1410.312 
    1590	1376.812 
    1591	1345.625 
    1592	1320.656 
    1593	1298.719 
    1594	1279.281 
    1595	1256.312 
    1596	1236.937 
    1597	1218.219 
    1598	1196.719 
    1599	1180.187 
    1600	1206.719 
    1601	1168.875 
    1602	1133.437 
    1603	1109.406 
    1604	1097.531 
    1605	1081.844 
    1606	1075.687 
    1607	1067.437 
    1608	1050.875 
    1609	1028.406 
    1610	1006.594 
    1611	985.844  
    1612	970.187  
    1613	959.625  
    1614	952.937  
    1615	950.094  
    1616	950.125  
    1617	947.562  
    1618	952.250  
    1619	949.469  
    1620	979.312  
    1621	970.750  
    1622	965.656  
    1623	967.781  
    1624	979.406  
    1625	993.031  
    1626	1017.250 
    1627	1044.031 
    1628	1071.406 
    1629	1090.594 
    1630	1106.406 
    1631	1130.594 
    1632	1157.812 
    1633	1190.937 
    1634	1232.906 
    1635	1284.531 
    1636	1335.219 
    1637	1386.281 
    1638	1452.344 
    1639	1531.219 
    1640	1660.000 
    1641	1682.719 
    1642	1718.969 
    1643	1799.031 
    1644	1886.719 
    1645	1960.906 
    1646	2046.437 
    1647	2131.156 
    1648	2189.562 
    1649	2228.031 
    1650	2250.562 
    1651	2313.844 
    1652	2382.000 
    1653	2450.437 
    1654	2538.750 
    1655	2659.344 
    1656	2756.125 
    1657	2825.219 
    1658	2913.812 
    1659	3085.531 
    1660	3219.125 
    1661	3161.625 
    1662	3183.375 
    1663	3271.375 
    1664	3316.500 
    1665	3405.406 
    1666	3519.562 
    1667	3595.312 
    1668	3639.875 
    1669	3683.562 
    1670	3719.375 
    1671	3785.719 
    1672	3864.937 
    1673	3946.250 
    1674	3994.500 
    1675	4060.437 
    1676	4150.500 
    1677	4225.781 
    1678	4271.437 
    1679	4398.062 
    1680	4447.375 
    1681	4394.156 
    1682	4433.719 
    1683	4511.156 
    1684	4515.687 
    1685	4573.156 
    1686	4669.562 
    1687	4743.469 
    1688	4730.719 
    1689	4740.062 
    1690	4750.250 
    1691	4734.875 
    1692	4732.531 
    1693	4759.750 
    1694	4770.094 
    1695	4747.906 
    1696	4732.125 
    1697	4724.875 
    1698	4710.500 
    1699	4794.531 
    1700	4783.500 
    1701	4625.031 
    1702	4566.969 
    1703	4574.625 
    1704	4503.906 
    1705	4487.219 
    1706	4459.344 
    1707	4397.875 
    1708	4304.969 
    1709	4196.250 
    1710	4091.031 
    1711	3997.656 
    1712	3940.781 
    1713	3888.125 
    1714	3799.781 
    1715	3742.437 
    1716	3676.031 
    1717	3590.625 
    1718	3503.219 
    1719	3506.875 
    1720	3444.125 
    1721	3207.156 
    1722	3095.187 
    1723	3049.219 
    1724	2946.937 
    1725	2878.844 
    1726	2817.875 
    1727	2747.719 
    1728	2660.406 
    1729	2556.281 
    1730	2452.250 
    1731	2358.594 
    1732	2276.156 
    1733	2209.375 
    1734	2153.562 
    1735	2085.125 
    1736	2013.812 
    1737	1944.562 
    1738	1898.406 
    1739	1874.125 
    1740	1894.750 
    1741	1780.531 
    1742	1710.750 
    1743	1688.812 
    1744	1670.500 
    1745	1665.156 
    1746	1672.437 
    1747	1679.406 
    1748	1682.531 
    1749	1688.062 
    1750	1699.562 
    1751	1722.562 
    1752	1762.656 
    1753	1833.250 
    1754	1917.406 
    1755	1994.750 
    1756	2086.281 
    1757	2203.344 
    1758	2348.281 
    1759	2530.562 
    1760	2754.844 
    1761	2797.250 
    1762	2947.656 
    1763	3149.875 
    1764	3365.812 
    1765	3649.812 
    1766	3896.687 
    1767	4182.125 
    1768	4516.219 
    1769	4728.656 
    1770	4924.375 
    1771	5248.437 
    1772	5602.437 
    1773	5898.500 
    1774	6212.625 
    1775	6455.156 
    1776	6687.719 
    1777	6985.781 
    1778	7426.844 
    1779	8092.906 
    1780	8605.031 
    1781	9003.250 
    1782	9471.031 
    1783	10068.906
    1784	10657.125
    1785	11404.969
    1786	12320.437
    1787	13085.000
    1788	13584.406
    1789	13947.125
    1790	14263.062
    1791	14962.406
    1792	15749.812
    1793	16462.000
    1794	17062.844
    1795	18056.406
    1796	18830.500
    1797	19416.781
    1798	20139.281
    1799	20901.531
    1800	21640.344
    1801	22099.187
    1802	22982.500
    1803	24041.250
    1804	24972.781
    1805	26384.125
    1806	27309.875
    1807	27720.281
    1808	28422.187
    1809	29426.812
    1810	30310.344
    1811	30916.812
    1812	31498.375
    1813	32852.344
    1814	34310.125
    1815	34923.937
    1816	35105.812
    1817	35483.594
    1818	36202.969
    1819	37138.562
    1820	38089.812
    1821	39155.500
    1822	40588.375
    1823	41264.469
    1824	41992.000
    1825	42852.187
    1826	43442.250
    1827	44237.656
    1828	44954.437
    1829	46082.000
    1830	47679.031
    1831	48852.187
    1832	49790.812
    1833	50279.875
    1834	50728.031
    1835	51734.469
    1836	52769.437
    1837	53069.375
    1838	53205.562
    1839	54494.625
    1840	55613.906
    1841	55729.562
    1842	56381.406
    1843	56969.281
    1844	57451.375
    1845	57874.937
    1846	58352.937
    1847	58780.719
    1848	59048.969
    1849	59530.187
    1850	60257.031
    1851	60511.937
    1852	60866.406
    1853	61356.969
    1854	62250.406
    1855	62869.625
    1856	62600.062
    1857	62578.344
    1858	62766.844
    1859	62660.250
    1860	62665.875
    1861	63240.594
    1862	63780.250
    1863	63790.312
    1864	63612.687
    1865	63590.250
    1866	63709.906
    1867	63616.906
    1868	63690.437
    1869	64180.625
    1870	64522.250
    1871	64630.844
    1872	64512.000
    1873	64112.500
    1874	63493.656
    1875	62985.719
    1876	62985.875
    1877	63053.969
    1878	63010.500
    1879	62972.469
    1880	62715.344
    1881	62525.937
    1882	62156.437
    1883	61365.156
    1884	60647.594
    1885	59996.031
    1886	59677.719
    1887	59332.437
    1888	58934.250
    1889	58533.719
    1890	57959.000
    1891	57166.375
    1892	56484.750
    1893	56476.906
    1894	56313.437
    1895	55827.687
    1896	55653.281
    1897	55344.469
    1898	54951.281
    1899	54552.969
    1900	53864.594
    1901	53193.781
    1902	52471.656
    1903	51577.844
    1904	50741.500
    1905	50246.437
    1906	49761.187
    1907	49285.156
    1908	49115.625
    1909	48819.219
    1910	48016.375
    1911	46760.719
    1912	45646.250
    1913	45026.187
    1914	44469.625
    1915	43519.281
    1916	42276.937
    1917	41476.500
    1918	40549.937
    1919	39442.937
    1920	38450.062
    1921	37474.687
    1922	36638.906
    1923	35678.344
    1924	34727.187
    1925	34016.812
    1926	33083.219
    1927	32137.125
    1928	31171.906
    1929	30511.781
    1930	29754.969
    1931	28516.844
    1932	27679.000
    1933	27406.719
    1934	26731.125
    1935	25365.812
    1936	24395.156
    1937	23986.562
    1938	23490.094
    1939	22739.531
    1940	21767.562
    1941	20642.906
    1942	19704.969
    1943	19126.625
    1944	18503.094
    1945	17962.062
    1946	17374.062
    1947	16791.469
    1948	16186.281
    1949	15372.000
    1950	14570.562
    1951	13959.625
    1952	13501.687
    1953	13145.406
    1954	12600.469
    1955	12084.562
    1956	11649.062
    1957	11016.906
    1958	10298.344
    1959	9911.781 
    1960	9581.625 
    1961	9085.500 
    1962	8428.875 
    1963	7948.625 
    1964	7586.969 
    1965	7108.281 
    1966	6670.719 
    1967	6367.406 
    1968	5988.219 
    1969	5594.000 
    1970	5315.625 
    1971	5021.312 
    1972	4725.312 
    1973	4446.812 
    1974	4210.000 
    1975	4009.781 
    1976	3786.250 
    1977	3597.469 
    1978	3409.344 
    1979	3289.875 
    1980	3124.500 
    1981	2857.219 
    1982	2702.031 
    1983	2623.281 
    1984	2481.219 
    1985	2356.687 
    1986	2285.312 
    1987	2195.094 
    1988	2080.187 
    1989	1979.906 
    1990	1896.781 
    1991	1837.750 
    1992	1798.906 
    1993	1763.906 
    1994	1736.750 
    1995	1721.219 
    1996	1717.344 
    1997	1709.156 
    1998	1716.000 
    1999	1740.625 
    2000	1830.937 
    2001	1794.531 
    2002	1777.844 
    2003	1820.281 
    2004	1862.719 
    2005	1912.937 
    2006	1979.375 
    2007	2050.937 
    2008	2098.719 
    2009	2146.062 
    2010	2192.031 
    2011	2236.531 
    2012	2295.312 
    2013	2384.875 
    2014	2501.187 
    2015	2630.844 
    2016	2718.750 
    2017	2800.781 
    2018	2874.187 
    2019	3010.281 
    2020	3119.250 
    2021	3073.062 
    2022	3123.562 
    2023	3257.156 
    2024	3341.594 
    2025	3460.312 
    2026	3604.469 
    2027	3718.812 
    2028	3771.750 
    2029	3797.875 
    2030	3839.656 
    2031	3893.250 
    2032	3953.062 
    2033	3997.812 
    2034	4047.219 
    2035	4131.937 
    2036	4195.187 
    2037	4243.937 
    2038	4309.750 
    2039	4440.281 
    2040	4473.594 
    2041	4355.031 
    2042	4363.156 
    2043	4466.906 
    2044	4445.094 
    2045	4477.625 
    2046	4549.531 
    2047	4547.969 
    2048	4490.687 
    2049	4474.562 
    2050	4507.844 
    2051	4514.500 
    2052	4442.625 
    2053	4409.594 
    2054	4474.156 
    2055	4567.250 
    2056	4547.344 
    2057	4443.469 
    2058	4317.125 
    2059	4281.000 
    2060	4195.844 
    2061	4043.156 
    2062	4013.344 
    2063	4016.125 
    2064	3928.031 
    2065	3895.187 
    2066	3887.781 
    2067	3829.469 
    2068	3718.781 
    2069	3631.562 
    2070	3635.937 
    2071	3678.125 
    2072	3697.781 
    2073	3653.125 
    2074	3523.437 
    2075	3395.344 
    2076	3324.000 
    2077	3312.375 
    2078	3278.969 
    2079	3245.937 
    2080	3199.812 
    2081	3012.500 
    2082	2885.719 
    2083	2846.406 
    2084	2773.406 
    2085	2721.125 
    2086	2695.844 
    2087	2659.625 
    2088	2566.687 
    2089	2470.906 
    2090	2377.719 
    2091	2301.281 
    2092	2236.562 
    2093	2189.750 
    2094	2131.812 
    2095	2077.750 
    2096	2017.219 
    2097	1965.406 
    2098	1921.344 
    2099	1897.031 
    2100	1912.750 
    2101	1794.750 
    2102	1719.156 
    2103	1683.469 
    2104	1648.437 
    2105	1611.594 
    2106	1601.750 
    2107	1574.844 
    2108	1533.781 
    2109	1482.656 
    2110	1433.281 
    2111	1392.781 
    2112	1363.281 
    2113	1334.844 
    2114	1313.969 
    2115	1296.875 
    2116	1278.969 
    2117	1261.031 
    2118	1250.500 
    2119	1239.250 
    2120	1265.594 
    2121	1228.750 
    2122	1199.625 
    2123	1185.437 
    2124	1179.031 
    2125	1177.406 
    2126	1186.375 
    2127	1196.594 
    2128	1193.687 
    2129	1183.094 
    2130	1175.562 
    2131	1172.875 
    2132	1174.687 
    2133	1184.187 
    2134	1193.906 
    2135	1207.812 
    2136	1223.187 
    2137	1241.375 
    2138	1262.844 
    2139	1285.312 
    2140	1354.875 
    2141	1346.875 
    2142	1345.250 
    2143	1362.031 
    2144	1379.812 
    2145	1401.937 
    2146	1437.062 
    2147	1466.906 
    2148	1482.844 
    2149	1494.750 
    2150	1498.187 
    2151	1501.437 
    2152	1513.531 
    2153	1531.969 
    2154	1554.781 
    2155	1584.062 
    2156	1609.594 
    2157	1641.094 
    2158	1679.000 
    2159	1740.281 
    2160	1832.219 
    2161	1781.031 
    2162	1751.812 
    2163	1762.125 
    2164	1768.750 
    2165	1797.375 
    2166	1838.281 
    2167	1868.781 
    2168	1868.844 
    2169	1862.437 
    2170	1861.531 
    2171	1867.500 
    2172	1877.687 
    2173	1887.687 
    2174	1902.781 
    2175	1918.906 
    2176	1921.344 
    2177	1932.250 
    2178	1936.250 
    2179	1961.187 
    2180	2028.000 
    2181	1951.375 
    2182	1904.906 
    2183	1908.844 
    2184	1890.500 
    2185	1886.812 
    2186	1898.031 
    2187	1903.375 
    2188	1879.281 
    2189	1847.312 
    2190	1822.375 
    2191	1803.656 
    2192	1790.250 
    2193	1781.469 
    2194	1770.875 
    2195	1763.281 
    2196	1751.000 
    2197	1733.531 
    2198	1720.125 
    2199	1720.000 
    2200	1757.062 
    2201	1679.719 
    2202	1626.281 
    2203	1614.000 
    2204	1595.656 
    2205	1576.031 
    2206	1575.000 
    2207	1561.937 
    2208	1535.812 
    2209	1491.281 
    2210	1451.594 
    2211	1413.125 
    2212	1386.562 
    2213	1365.875 
    2214	1350.344 
    2215	1336.187 
    2216	1315.125 
    2217	1290.781 
    2218	1273.312 
    2219	1255.844 
    2220	1280.281 
    2221	1234.344 
    2222	1196.500 
    2223	1170.437 
    2224	1152.281 
    2225	1135.562 
    2226	1133.844 
    2227	1129.594 
    2228	1114.281 
    2229	1093.562 
    2230	1072.094 
    2231	1052.906 
    2232	1033.344 
    2233	1015.969 
    2234	1001.750 
    2235	991.000  
    2236	979.094  
    2237	967.531  
    2238	964.094  
    2239	954.719  
    2240	976.437  
    2241	956.875  
    2242	941.437  
    2243	930.469  
    2244	928.437  
    2245	927.344  
    2246	933.687  
    2247	935.594  
    2248	932.781  
    2249	924.812  
    2250	918.000  
    2251	912.937  
    2252	911.875  
    2253	913.281  
    2254	916.656  
    2255	920.406  
    2256	923.781  
    2257	927.875  
    2258	942.125  
    2259	946.937  
    2260	984.469  
    2261	981.687  
    2262	982.312  
    2263	987.344  
    2264	1001.187 
    2265	1013.656 
    2266	1034.812 
    2267	1059.000 
    2268	1074.500 
    2269	1084.375 
    2270	1092.531 
    2271	1102.375 
    2272	1110.875 
    2273	1127.125 
    2274	1146.406 
    2275	1164.187 
    2276	1180.000 
    2277	1194.344 
    2278	1215.562 
    2279	1232.656 
    2280	1293.344 
    2281	1287.094 
    2282	1286.531 
    2283	1291.969 
    2284	1306.750 
    2285	1326.219 
    2286	1349.656 
    2287	1370.344 
    2288	1376.187 
    2289	1372.969 
    2290	1374.875 
    2291	1379.875 
    2292	1385.719 
    2293	1395.969 
    2294	1408.969 
    2295	1424.844 
    2296	1433.969 
    2297	1441.031 
    2298	1448.094 
    2299	1464.344 
    2300	1535.625 
    2301	1506.000 
    2302	1479.344 
    2303	1480.344 
    2304	1482.437 
    2305	1486.719 
    2306	1505.344 
    2307	1521.687 
    2308	1514.562 
    2309	1495.937 
    2310	1477.812 
    2311	1471.344 
    2312	1467.812 
    2313	1477.562 
    2314	1485.344 
    2315	1483.062 
    2316	1481.875 
    2317	1480.062 
    2318	1479.781 
    2319	1490.594 
    2320	1544.219 
    2321	1495.437 
    2322	1467.500 
    2323	1456.281 
    2324	1441.406 
    2325	1434.625 
    2326	1449.750 
    2327	1449.531 
    2328	1427.281 
    2329	1399.219 
    2330	1372.437 
    2331	1353.969 
    2332	1334.031 
    2333	1324.906 
    2334	1316.344 
    2335	1302.375 
    2336	1294.344 
    2337	1276.781 
    2338	1269.750 
    2339	1264.750 
    2340	1298.187 
    2341	1260.750 
    2342	1231.687 
    2343	1215.437 
    2344	1201.406 
    2345	1188.187 
    2346	1187.625 
    2347	1185.219 
    2348	1172.469 
    2349	1152.500 
    2350	1129.781 
    2351	1110.656 
    2352	1095.062 
    2353	1083.656 
    2354	1069.187 
    2355	1058.187 
    2356	1047.281 
    2357	1036.156 
    2358	1032.406 
    2359	1020.781 
    2360	1042.812 
    2361	1022.906 
    2362	1001.375 
    2363	980.844  
    2364	971.781  
    2365	965.125  
    2366	966.156  
    2367	964.094  
    2368	957.687  
    2369	943.469  
    2370	929.125  
    2371	915.875  
    2372	905.875  
    2373	900.344  
    2374	895.687  
    2375	891.969  
    2376	888.062  
    2377	882.844  
    2378	886.250  
    2379	881.469  
    2380	902.375  
    2381	889.469  
    2382	877.750  
    2383	868.875  
    2384	870.750  
    2385	871.094  
    2386	876.187  
    2387	880.187  
    2388	880.281  
    2389	875.875  
    2390	868.125  
    2391	861.844  
    2392	860.844  
    2393	859.812  
    2394	859.469  
    2395	860.875  
    2396	862.625  
    2397	864.406  
    2398	873.250  
    2399	874.406  
    2400	902.750  
    2401	897.469  
    2402	891.969  
    2403	888.656  
    2404	893.344  
    2405	898.031  
    2406	908.531  
    2407	916.812  
    2408	920.375  
    2409	917.437  
    2410	912.906  
    2411	910.844  
    2412	911.094  
    2413	914.750  
    2414	919.312  
    2415	924.875  
    2416	929.594  
    2417	933.625  
    2418	943.062  
    2419	943.750  
    2420	977.906  
    2421	971.125  
    2422	963.500  
    2423	960.000  
    2424	963.625  
    2425	967.062  
    2426	977.437  
    2427	987.312  
    2428	989.125  
    2429	985.000  
    2430	978.062  
    2431	972.344  
    2432	969.875  
    2433	970.844  
    2434	971.719  
    2435	973.219  
    2436	974.625  
    2437	976.375  
    2438	980.781  
    2439	978.875  
    2440	1006.406 
    2441	994.187  
    2442	979.812  
    2443	974.719  
    2444	978.062  
    2445	981.312  
    2446	986.656  
    2447	990.312  
    2448	988.219  
    2449	977.031  
    2450	964.750  
    2451	953.844  
    2452	945.969  
    2453	940.156  
    2454	937.469  
    2455	935.031  
    2456	932.062  
    2457	927.687  
    2458	931.187  
    2459	925.344  
    2460	949.375  
    2461	936.250  
    2462	921.812  
    2463	909.719  
    2464	909.531  
    2465	908.062  
    2466	912.719  
    2467	913.594  
    2468	908.719  
    2469	898.187  
    2470	887.719  
    2471	878.312  
    2472	870.031  
    2473	865.875  
    2474	863.000  
    2475	862.062  
    2476	859.156  
    2477	855.094  
    2478	857.156  
    2479	851.312  
    2480	871.156  
    2481	861.156  
    2482	851.719  
    2483	841.937  
    2484	844.062  
    2485	844.281  
    2486	848.219  
    2487	849.437  
    2488	846.062  
    2489	840.281  
    2490	833.719  
    2491	827.719  
    2492	822.781  
    2493	819.656  
    2494	817.562  
    2495	816.875  
    2496	816.156  
    2497	813.875  
    2498	818.687  
    2499	814.844  
    2500	834.875  
    2501	828.156  
    2502	822.156  
    2503	817.344  
    2504	821.562  
    2505	823.656  
    2506	829.812  
    2507	835.562  
    2508	836.469  
    2509	832.719  
    2510	828.187  
    2511	823.812  
    2512	820.812  
    2513	819.562  
    2514	820.875  
    2515	822.187  
    2516	823.531  
    2517	825.219  
    2518	833.406  
    2519	832.656  
    2520	857.031  
    2521	852.031  
    2522	848.406  
    2523	843.062  
    2524	851.031  
    2525	856.531  
    2526	866.187  
    2527	875.531  
    2528	878.906  
    2529	876.531  
    2530	873.250  
    2531	869.844  
    2532	869.750  
    2533	871.469  
    2534	872.906  
    2535	875.062  
    2536	877.906  
    2537	881.781  
    2538	889.531  
    2539	888.094  
    2540	914.031  
    2541	906.000  
    2542	899.719  
    2543	895.406  
    2544	901.187  
    2545	906.719  
    2546	915.000  
    2547	922.750  
    2548	924.219  
    2549	917.969  
    2550	912.625  
    2551	906.687  
    2552	904.750  
    2553	903.500  
    2554	903.781  
    2555	904.500  
    2556	903.969  
    2557	901.937  
    2558	905.000  
    2559	901.437  
    2560	926.844  
    2561	917.812  
    2562	907.781  
    2563	900.594  
    2564	902.500  
    2565	902.437  
    2566	907.312  
    2567	911.281  
    2568	907.594  
    2569	898.812  
    2570	889.719  
    2571	881.844  
    2572	875.875  
    2573	871.969  
    2574	869.406  
    2575	867.656  
    2576	865.344  
    2577	863.562  
    2578	868.687  
    2579	864.812  
    2580	885.250  
    2581	873.562  
    2582	863.219  
    2583	853.719  
    2584	854.625  
    2585	854.219  
    2586	859.250  
    2587	861.562  
    2588	857.719  
    2589	851.250  
    2590	843.594  
    2591	835.469  
    2592	832.094  
    2593	828.219  
    2594	825.375  
    2595	822.562  
    2596	820.250  
    2597	819.062  
    2598	821.406  
    2599	815.875  
    2600	833.250  
    2601	824.937  
    2602	817.344  
    2603	810.312  
    2604	812.125  
    2605	815.125  
    2606	819.969  
    2607	822.875  
    2608	819.875  
    2609	815.000  
    2610	808.031  
    2611	801.969  
    2612	798.125  
    2613	795.625  
    2614	794.969  
    2615	795.062  
    2616	794.594  
    2617	793.750  
    2618	800.469  
    2619	796.062  
    2620	815.344  
    2621	809.469  
    2622	802.500  
    2623	797.531  
    2624	801.625  
    2625	805.531  
    2626	812.187  
    2627	818.219  
    2628	819.437  
    2629	817.344  
    2630	813.781  
    2631	809.500  
    2632	809.125  
    2633	810.219  
    2634	812.250  
    2635	814.375  
    2636	818.594  
    2637	820.531  
    2638	830.375  
    2639	828.469  
    2640	852.562  
    2641	849.062  
    2642	844.594  
    2643	841.906  
    2644	848.531  
    2645	855.094  
    2646	868.187  
    2647	877.719  
    2648	881.812  
    2649	880.156  
    2650	878.437  
    2651	874.312  
    2652	874.375  
    2653	875.437  
    2654	877.844  
    2655	881.844  
    2656	884.375  
    2657	886.187  
    2658	895.062  
    2659	895.906  
    2660	925.156  
    2661	917.625  
    2662	908.437  
    2663	903.969  
    2664	910.406  
    2665	915.250  
    2666	924.875  
    2667	932.344  
    2668	934.531  
    2669	930.906  
    2670	924.531  
    2671	920.094  
    2672	918.875  
    2673	917.000  
    2674	916.375  
    2675	915.406  
    2676	914.562  
    2677	913.344  
    2678	918.031  
    2679	916.000  
    2680	942.594  
    2681	934.219  
    2682	925.375  
    2683	920.000  
    2684	921.687  
    2685	923.562  
    2686	930.312  
    2687	935.094  
    2688	934.875  
    2689	928.406  
    2690	919.906  
    2691	912.344  
    2692	906.062  
    2693	902.625  
    2694	899.094  
    2695	898.375  
    2696	895.656  
    2697	891.094  
    2698	893.469  
    2699	887.719  
    2700	911.281  
    2701	901.156  
    2702	890.594  
    2703	880.906  
    2704	882.344  
    2705	880.656  
    2706	884.906  
    2707	886.937  
    2708	883.906  
    2709	875.406  
    2710	865.625  
    2711	856.562  
    2712	848.812  
    2713	844.625  
    2714	842.219  
    2715	840.625  
    2716	837.969  
    2717	833.562  
    2718	836.687  
    2719	833.125  
    2720	851.094  
    2721	841.406  
    2722	833.562  
    2723	824.625  
    2724	824.687  
    2725	824.812  
    2726	827.469  
    2727	828.219  
    2728	825.500  
    2729	819.156  
    2730	810.812  
    2731	802.906  
    2732	796.625  
    2733	793.469  
    2734	791.156  
    2735	790.031  
    2736	787.875  
    2737	785.312  
    2738	789.219  
    2739	782.937  
    2740	800.812  
    2741	793.906  
    2742	787.625  
    2743	781.812  
    2744	784.344  
    2745	785.437  
    2746	790.687  
    2747	793.719  
    2748	793.437  
    2749	788.312  
    2750	782.187  
    2751	777.281  
    2752	773.844  
    2753	772.562  
    2754	770.937  
    2755	770.656  
    2756	771.281  
    2757	770.406  
    2758	777.781  
    2759	774.219  
    2760	791.937  
    2761	787.750  
    2762	784.531  
    2763	780.687  
    2764	784.750  
    2765	788.531  
    2766	795.219  
    2767	800.250  
    2768	802.062  
    2769	799.906  
    2770	798.375  
    2771	795.594  
    2772	793.781  
    2773	792.375  
    2774	793.187  
    2775	794.062  
    2776	794.187  
    2777	794.500  
    2778	802.937  
    2779	800.437  
    2780	821.875  
    2781	816.750  
    2782	811.187  
    2783	806.875  
    2784	811.625  
    2785	814.312  
    2786	821.625  
    2787	828.125  
    2788	830.781  
    2789	827.375  
    2790	823.219  
    2791	819.406  
    2792	816.250  
    2793	815.125  
    2794	814.719  
    2795	815.719  
    2796	817.344  
    2797	817.156  
    2798	822.937  
    2799	821.344  
    2800	841.312  
    2801	835.031  
    2802	828.937  
    2803	826.156  
    2804	830.219  
    2805	831.844  
    2806	838.875  
    2807	843.469  
    2808	845.562  
    2809	842.281  
    2810	837.375  
    2811	831.219  
    2812	826.594  
    2813	826.875  
    2814	825.844  
    2815	826.656  
    2816	827.344  
    2817	826.312  
    2818	832.281  
    2819	827.750  
    2820	847.687  
    2821	839.344  
    2822	829.812  
    2823	823.594  
    2824	826.187  
    2825	826.875  
    2826	832.687  
    2827	835.687  
    2828	833.812  
    2829	829.156  
    2830	820.687  
    2831	814.000  
    2832	808.062  
    2833	805.000  
    2834	803.344  
    2835	803.281  
    2836	802.156  
    2837	800.094  
    2838	806.156  
    2839	801.406  
    2840	818.125  
    2841	810.469  
    2842	801.719  
    2843	795.312  
    2844	798.094  
    2845	798.000  
    2846	801.156  
    2847	803.687  
    2848	801.844  
    2849	797.531  
    2850	791.031  
    2851	785.969  
    2852	782.250  
    2853	779.125  
    2854	779.094  
    2855	778.625  
    2856	777.781  
    2857	775.187  
    2858	780.094  
    2859	775.500  
    2860	790.219  
    2861	784.312  
    2862	776.562  
    2863	770.969  
    2864	773.375  
    2865	775.000  
    2866	782.437  
    2867	786.000  
    2868	785.750  
    2869	780.406  
    2870	775.906  
    2871	771.812  
    2872	769.375  
    2873	769.250  
    2874	768.937  
    2875	769.437  
    2876	769.406  
    2877	768.281  
    2878	774.469  
    2879	769.781  
    2880	785.562  
    2881	781.469  
    2882	775.406  
    2883	769.062  
    2884	772.906  
    2885	776.156  
    2886	783.656  
    2887	788.812  
    2888	790.062  
    2889	788.719  
    2890	783.437  
    2891	779.344  
    2892	777.187  
    2893	777.094  
    2894	778.062  
    2895	778.844  
    2896	780.656  
    2897	782.781  
    2898	791.281  
    2899	787.906  
    2900	807.156  
    2901	802.687  
    2902	797.562  
    2903	793.312  
    2904	797.906  
    2905	800.594  
    2906	809.375  
    2907	815.219  
    2908	814.219  
    2909	810.125  
    2910	804.062  
    2911	800.000  
    2912	796.312  
    2913	795.156  
    2914	795.344  
    2915	796.875  
    2916	796.625  
    2917	796.656  
    2918	802.000  
    2919	799.594  
    2920	819.375  
    2921	815.687  
    2922	809.906  
    2923	805.281  
    2924	809.687  
    2925	813.031  
    2926	818.812  
    2927	822.750  
    2928	823.219  
    2929	818.875  
    2930	812.437  
    2931	807.000  
    2932	803.812  
    2933	803.000  
    2934	802.375  
    2935	804.344  
    2936	804.062  
    2937	803.000  
    2938	808.094  
    2939	803.875  
    2940	821.625  
    2941	814.406  
    2942	807.969  
    2943	801.125  
    2944	803.781  
    2945	806.937  
    2946	812.906  
    2947	817.187  
    2948	816.531  
    2949	810.219  
    2950	802.875  
    2951	797.281  
    2952	792.719  
    2953	789.844  
    2954	788.375  
    2955	787.187  
    2956	786.969  
    2957	785.125  
    2958	790.906  
    2959	785.687  
    2960	800.906  
    2961	795.156  
    2962	787.781  
    2963	781.875  
    2964	784.500  
    2965	786.250  
    2966	789.937  
    2967	792.437  
    2968	789.750  
    2969	784.906  
    2970	777.875  
    2971	771.625  
    2972	767.000  
    2973	763.375  
    2974	761.875  
    2975	760.781  
    2976	759.781  
    2977	759.156  
    2978	765.094  
    2979	761.031  
    2980	777.156  
    2981	770.969  
    2982	765.031  
    2983	759.406  
    2984	763.219  
    2985	764.344  
    2986	767.406  
    2987	769.281  
    2988	769.562  
    2989	766.312  
    2990	762.156  
    2991	757.906  
    2992	756.219  
    2993	754.250  
    2994	753.250  
    2995	752.781  
    2996	752.812  
    2997	752.250  
    2998	758.062  
    2999	755.500  
    3000	772.594  
    3001	768.281  
    3002	762.500  
    3003	757.656  
    3004	760.875  
    3005	763.625  
    3006	769.000  
    3007	772.687  
    3008	773.719  
    3009	771.000  
    3010	766.406  
    3011	762.844  
    3012	761.219  
    3013	760.219  
    3014	759.906  
    3015	761.469  
    3016	761.500  
    3017	761.281  
    3018	769.469  
    3019	765.187  
    3020	783.562  
    3021	779.531  
    3022	773.312  
    3023	769.406  
    3024	774.875  
    3025	776.812  
    3026	782.750  
    3027	788.875  
    3028	790.125  
    3029	788.156  
    3030	784.500  
    3031	780.500  
    3032	777.250  
    3033	774.687  
    3034	773.500  
    3035	773.906  
    3036	774.437  
    3037	773.875  
    3038	781.000  
    3039	777.312  
    3040	794.250  
    3041	789.344  
    3042	784.094  
    3043	779.562  
    3044	783.062  
    3045	786.437  
    3046	792.750  
    3047	796.406  
    3048	796.031  
    3049	793.250  
    3050	788.219  
    3051	784.312  
    3052	782.094  
    3053	778.812  
    3054	777.969  
    3055	777.781  
    3056	776.719  
    3057	775.437  
    3058	781.687  
    3059	778.437  
    3060	794.906  
    3061	788.750  
    3062	781.000  
    3063	775.719  
    3064	779.156  
    3065	780.406  
    3066	787.312  
    3067	791.187  
    3068	790.031  
    3069	785.562  
    3070	781.156  
    3071	776.187  
    3072	773.187  
    3073	771.500  
    3074	770.562  
    3075	769.750  
    3076	769.000  
    3077	766.812  
    3078	772.094  
    3079	767.625  
    3080	784.687  
    3081	779.187  
    3082	773.000  
    3083	767.094  
    3084	769.062  
    3085	771.469  
    3086	775.219  
    3087	777.906  
    3088	776.156  
    3089	772.500  
    3090	766.969  
    3091	761.719  
    3092	757.719  
    3093	754.187  
    3094	754.281  
    3095	753.687  
    3096	754.406  
    3097	754.375  
    3098	760.812  
    3099	755.781  
    3100	770.000  
    3101	763.562  
    3102	757.562  
    3103	752.062  
    3104	756.125  
    3105	757.844  
    3106	763.656  
    3107	768.125  
    3108	767.594  
    3109	763.812  
    3110	758.531  
    3111	754.281  
    3112	751.969  
    3113	750.750  
    3114	750.875  
    3115	750.656  
    3116	749.781  
    3117	749.000  
    3118	756.406  
    3119	752.750  
    3120	767.437  
    3121	763.281  
    3122	758.031  
    3123	751.969  
    3124	755.156  
    3125	757.031  
    3126	763.187  
    3127	766.156  
    3128	766.312  
    3129	763.375  
    3130	758.469  
    3131	754.906  
    3132	753.156  
    3133	751.531  
    3134	752.781  
    3135	753.250  
    3136	754.125  
    3137	753.781  
    3138	760.844  
    3139	756.937  
    3140	773.750  
    3141	770.500  
    3142	766.594  
    3143	761.812  
    3144	766.531  
    3145	769.344  
    3146	774.906  
    3147	779.094  
    3148	780.500  
    3149	777.156  
    3150	773.469  
    3151	770.187  
    3152	768.656  
    3153	767.125  
    3154	767.375  
    3155	767.625  
    3156	768.062  
    3157	767.594  
    3158	774.906  
    3159	772.906  
    3160	791.469  
    3161	785.969  
    3162	780.562  
    3163	775.531  
    3164	777.875  
    3165	780.031  
    3166	786.687  
    3167	791.312  
    3168	791.062  
    3169	787.437  
    3170	781.344  
    3171	777.094  
    3172	774.094  
    3173	772.344  
    3174	771.687  
    3175	770.094  
    3176	769.594  
    3177	769.344  
    3178	775.406  
    3179	771.094  
    3180	786.656  
    3181	780.844  
    3182	776.625  
    3183	771.687  
    3184	776.000  
    3185	777.687  
    3186	783.906  
    3187	787.562  
    3188	786.406  
    3189	782.125  
    3190	777.625  
    3191	772.781  
    3192	769.687  
    3193	766.406  
    3194	765.625  
    3195	766.344  
    3196	765.187  
    3197	762.781  
    3198	768.281  
    3199	763.969  
    3200	780.500  
    3201	774.562  
    3202	767.437  
    3203	762.187  
    3204	764.625  
    3205	766.375  
    3206	770.750  
    3207	773.281  
    3208	772.469  
    3209	768.219  
    3210	764.406  
    3211	759.969  
    3212	755.719  
    3213	753.375  
    3214	752.000  
    3215	751.812  
    3216	751.250  
    3217	749.000  
    3218	755.969  
    3219	750.969  
    3220	764.781  
    3221	760.156  
    3222	755.125  
    3223	749.437  
    3224	752.250  
    3225	753.187  
    3226	757.969  
    3227	760.594  
    3228	760.500  
    3229	756.406  
    3230	752.312  
    3231	748.812  
    3232	745.094  
    3233	742.687  
    3234	741.531  
    3235	741.062  
    3236	740.969  
    3237	739.594  
    3238	745.125  
    3239	740.531  
    3240	756.500  
    3241	751.781  
    3242	747.750  
    3243	742.625  
    3244	745.406  
    3245	747.687  
    3246	753.406  
    3247	756.750  
    3248	757.406  
    3249	752.969  
    3250	750.031  
    3251	745.219  
    3252	742.156  
    3253	740.469  
    3254	739.344  
    3255	739.625  
    3256	740.250  
    3257	740.094  
    3258	745.625  
    3259	740.937  
    3260	757.375  
    3261	753.875  
    3262	749.094  
    3263	744.125  
    3264	747.562  
    3265	750.094  
    3266	757.594  
    3267	760.281  
    3268	761.625  
    3269	759.594  
    3270	755.906  
    3271	753.656  
    3272	752.500  
    3273	751.156  
    3274	751.562  
    3275	751.781  
    3276	753.062  
    3277	754.312  
    3278	762.062  
    3279	759.781  
    3280	776.656  
    3281	770.437  
    3282	765.094  
    3283	758.687  
    3284	763.094  
    3285	766.156  
    3286	771.812  
    3287	774.969  
    3288	774.500  
    3289	772.312  
    3290	767.750  
    3291	762.562  
    3292	759.844  
    3293	758.344  
    3294	758.906  
    3295	758.406  
    3296	758.062  
    3297	757.875  
    3298	764.781  
    3299	760.969  
    3300	777.812  
    3301	772.562  
    3302	768.187  
    3303	763.375  
    3304	766.250  
    3305	767.937  
    3306	772.937  
    3307	775.312  
    3308	777.000  
    3309	775.187  
    3310	771.937  
    3311	766.656  
    3312	763.625  
    3313	761.031  
    3314	758.250  
    3315	759.094  
    3316	759.562  
    3317	758.000  
    3318	763.531  
    3319	759.250  
    3320	777.469  
    3321	772.125  
    3322	767.281  
    3323	760.781  
    3324	763.000  
    3325	764.875  
    3326	769.437  
    3327	771.250  
    3328	769.719  
    3329	765.625  
    3330	760.625  
    3331	755.656  
    3332	751.875  
    3333	750.094  
    3334	750.500  
    3335	750.937  
    3336	750.469  
    3337	749.344  
    3338	755.594  
    3339	751.281  
    3340	765.937  
    3341	762.031  
    3342	756.687  
    3343	751.094  
    3344	754.594  
    3345	757.000  
    3346	761.437  
    3347	763.531  
    3348	763.687  
    3349	760.062  
    3350	755.062  
    3351	750.469  
    3352	746.719  
    3353	746.594  
    3354	747.437  
    3355	747.375  
    3356	746.562  
    3357	746.250  
    3358	753.031  
    3359	748.437  
    3360	764.906  
    3361	761.312  
    3362	755.781  
    3363	749.750  
    3364	752.719  
    3365	755.531  
    3366	760.750  
    3367	763.875  
    3368	764.156  
    3369	761.750  
    3370	757.187  
    3371	752.250  
    3372	748.437  
    3373	746.531  
    3374	746.531  
    3375	747.062  
    3376	748.250  
    3377	748.281  
    3378	755.250  
    3379	751.312  
    3380	765.812  
    3381	761.750  
    3382	757.250  
    3383	752.031  
    3384	757.156  
    3385	760.187  
    3386	767.562  
    3387	771.500  
    3388	771.812  
    3389	767.625  
    3390	762.844  
    3391	758.281  
    3392	755.000  
    3393	754.375  
    3394	754.906  
    3395	754.656  
    3396	755.937  
    3397	755.469  
    3398	761.281  
    3399	757.469  
    3400	773.812  
    3401	769.594  
    3402	765.094  
    3403	760.844  
    3404	764.000  
    3405	767.187  
    3406	771.562  
    3407	774.531  
    3408	775.875  
    3409	772.562  
    3410	767.062  
    3411	764.250  
    3412	761.812  
    3413	759.469  
    3414	759.656  
    3415	760.312  
    3416	759.719  
    3417	758.687  
    3418	764.875  
    3419	760.500  
    3420	777.125  
    3421	771.531  
    3422	767.437  
    3423	761.719  
    3424	764.406  
    3425	766.875  
    3426	772.156  
    3427	774.719  
    3428	775.625  
    3429	772.187  
    3430	766.250  
    3431	762.281  
    3432	759.187  
    3433	757.687  
    3434	757.062  
    3435	756.344  
    3436	756.219  
    3437	753.750  
    3438	758.531  
    3439	754.562  
    3440	771.062  
    3441	765.344  
    3442	758.875  
    3443	753.750  
    3444	756.000  
    3445	757.719  
    3446	762.219  
    3447	764.656  
    3448	763.500  
    3449	758.812  
    3450	753.281  
    3451	748.937  
    3452	744.906  
    3453	741.656  
    3454	741.625  
    3455	740.719  
    3456	740.781  
    3457	739.625  
    3458	746.312  
    3459	740.969  
    3460	756.031  
    3461	750.375  
    3462	744.656  
    3463	738.062  
    3464	740.906  
    3465	743.156  
    3466	748.125  
    3467	751.781  
    3468	751.156  
    3469	747.750  
    3470	744.594  
    3471	741.281  
    3472	738.406  
    3473	736.750  
    3474	736.344  
    3475	735.844  
    3476	734.937  
    3477	734.562  
    3478	742.187  
    3479	738.437  
    3480	752.969  
    3481	748.844  
    3482	742.812  
    3483	736.531  
    3484	740.625  
    3485	742.969  
    3486	749.875  
    3487	753.875  
    3488	755.031  
    3489	753.312  
    3490	749.375  
    3491	745.812  
    3492	743.625  
    3493	742.250  
    3494	743.094  
    3495	743.844  
    3496	743.281  
    3497	741.781  
    3498	748.250  
    3499	744.875  
    3500	759.187  
    3501	754.437  
    3502	749.281  
    3503	743.844  
    3504	746.094  
    3505	749.687  
    3506	757.312  
    3507	760.687  
    3508	761.500  
    3509	758.562  
    3510	754.844  
    3511	749.906  
    3512	747.500  
    3513	746.562  
    3514	746.531  
    3515	746.844  
    3516	745.656  
    3517	744.625  
    3518	751.500  
    3519	747.750  
    3520	763.719  
    3521	758.625  
    3522	754.000  
    3523	748.719  
    3524	752.437  
    3525	754.656  
    3526	759.750  
    3527	763.375  
    3528	763.562  
    3529	760.250  
    3530	756.656  
    3531	752.562  
    3532	749.625  
    3533	748.500  
    3534	747.687  
    3535	748.062  
    3536	748.281  
    3537	746.969  
    3538	753.844  
    3539	749.531  
    3540	764.781  
    3541	759.750  
    3542	755.000  
    3543	749.187  
    3544	752.219  
    3545	755.469  
    3546	761.187  
    3547	765.031  
    3548	764.969  
    3549	761.156  
    3550	757.250  
    3551	752.125  
    3552	749.500  
    3553	746.250  
    3554	745.125  
    3555	744.437  
    3556	744.437  
    3557	743.156  
    3558	749.625  
    3559	745.656  
    3560	760.187  
    3561	754.500  
    3562	748.156  
    3563	742.062  
    3564	744.812  
    3565	747.531  
    3566	752.344  
    3567	755.656  
    3568	755.750  
    3569	753.031  
    3570	747.719  
    3571	742.250  
    3572	738.500  
    3573	736.906  
    3574	736.562  
    3575	735.437  
    3576	734.312  
    3577	733.937  
    3578	740.062  
    3579	735.344  
    3580	750.281  
    3581	745.156  
    3582	741.312  
    3583	736.531  
    3584	739.406  
    3585	741.375  
    3586	746.625  
    3587	749.531  
    3588	750.687  
    3589	749.000  
    3590	744.875  
    3591	740.094  
    3592	736.469  
    3593	734.656  
    3594	734.312  
    3595	733.500  
    3596	733.562  
    3597	732.594  
    3598	738.125  
    3599	734.937  
    3600	750.187  
    3601	746.469  
    3602	741.687  
    3603	735.719  
    3604	738.781  
    3605	740.000  
    3606	744.094  
    3607	747.656  
    3608	747.125  
    3609	743.250  
    3610	738.281  
    3611	735.187  
    3612	732.594  
    3613	731.625  
    3614	731.156  
    3615	731.656  
    3616	733.156  
    3617	732.375  
    3618	738.781  
    3619	735.656  
    3620	749.656  
    3621	745.094  
    3622	741.656  
    3623	735.125  
    3624	738.062  
    3625	740.406  
    3626	745.344  
    3627	747.781  
    3628	747.281  
    3629	745.000  
    3630	740.687  
    3631	738.187  
    3632	736.281  
    3633	734.500  
    3634	734.594  
    3635	735.531  
    3636	735.750  
    3637	735.187  
    3638	742.094  
    3639	738.344  
    3640	754.344  
    3641	749.750  
    3642	745.125  
    3643	740.937  
    3644	744.125  
    3645	747.219  
    3646	752.469  
    3647	755.906  
#  ***END
