#  JIO#
#  Name of dataset:	
#  Generating program:	Fresn-Main-AD2-v1.vi
#  Saved on file:	17-6-2025	13:44
#  Total number of sections:	1
#  ***SECTION	Dataset
#  *FREE
#  Model: CCD-S3600-D(-UV)
#  Hardware Revision: A1.00
#  Firmware Revision: A1.10
#  Serial Number:   015035288C33EBB5
#  type apertuur:
#  *PARA
#  n			aantal spleten 
#  a		mm	afstand tussen spleten 
#  b		mm	breedte spleten
#  l		m	Golflengte 
#  d	0	m	afstand puntbron tot apertuur
#  lB		m	afstand bronlens tot apertuur
#  fB		m	brandpuntsafstand bronlens
#  s	0	m	afstand apertuur tot scherm 
#  lS	 	m	afstand  apertuur tot schermlens 
#  fS		m	brandpuntsafstand schermlens 
#  p	8	um	Sensor Pixel Pitch
#  U	2.30	V	Voltage_Laserdiode
#  T	20	us	Integration Time
#  n	32		Scans per Acquisition
#  HwC	Off		Hardware Dark Correction
#  *DATA	3648	rows	2	columns
#  Index   	Averages
       0	470.250  
       1	478.219  
       2	487.281  
       3	494.406  
       4	511.437  
       5	528.000  
       6	547.969  
       7	565.406  
       8	578.156  
       9	585.406  
      10	589.531  
      11	593.344  
      12	597.687  
      13	602.687  
      14	607.656  
      15	612.187  
      16	616.844  
      17	620.500  
      18	630.656  
      19	629.219  
      20	641.781  
      21	642.687  
      22	642.719  
      23	639.344  
      24	644.594  
      25	649.094  
      26	655.531  
      27	659.656  
      28	661.469  
      29	660.719  
      30	659.375  
      31	658.937  
      32	658.719  
      33	659.125  
      34	661.000  
      35	662.375  
      36	663.281  
      37	663.906  
      38	672.094  
      39	668.625  
      40	681.281  
      41	679.406  
      42	676.781  
      43	671.906  
      44	676.094  
      45	679.687  
      46	684.437  
      47	687.250  
      48	687.937  
      49	685.812  
      50	682.625  
      51	679.719  
      52	678.406  
      53	677.750  
      54	677.656  
      55	678.656  
      56	677.875  
      57	678.156  
      58	685.562  
      59	681.906  
      60	694.375  
      61	691.562  
      62	688.156  
      63	680.844  
      64	684.250  
      65	686.562  
      66	690.625  
      67	694.031  
      68	694.750  
      69	692.031  
      70	687.844  
      71	685.031  
      72	683.500  
      73	682.281  
      74	682.062  
      75	681.156  
      76	680.281  
      77	679.500  
      78	685.187  
      79	680.656  
      80	692.625  
      81	689.281  
      82	684.656  
      83	677.844  
      84	680.906  
      85	683.406  
      86	687.687  
      87	689.469  
      88	687.969  
      89	684.687  
      90	682.094  
      91	679.344  
      92	677.469  
      93	675.937  
      94	675.937  
      95	675.312  
      96	674.781  
      97	673.187  
      98	679.750  
      99	674.781  
     100	686.219  
     101	683.125  
     102	678.781  
     103	672.812  
     104	675.969  
     105	677.812  
     106	681.469  
     107	684.406  
     108	683.875  
     109	681.406  
     110	677.469  
     111	673.812  
     112	671.156  
     113	670.000  
     114	669.687  
     115	669.281  
     116	669.062  
     117	667.750  
     118	674.406  
     119	668.875  
     120	679.031  
     121	676.187  
     122	671.937  
     123	666.406  
     124	669.875  
     125	673.562  
     126	677.625  
     127	678.906  
     128	679.000  
     129	675.969  
     130	672.906  
     131	669.937  
     132	667.562  
     133	665.656  
     134	664.937  
     135	664.344  
     136	663.687  
     137	662.437  
     138	668.656  
     139	664.437  
     140	674.687  
     141	670.812  
     142	666.344  
     143	660.687  
     144	663.687  
     145	667.469  
     146	671.375  
     147	673.219  
     148	672.281  
     149	669.562  
     150	665.437  
     151	663.094  
     152	661.156  
     153	660.344  
     154	660.750  
     155	659.969  
     156	659.781  
     157	659.906  
     158	666.562  
     159	661.437  
     160	672.469  
     161	669.937  
     162	665.656  
     163	660.187  
     164	663.281  
     165	665.625  
     166	670.219  
     167	673.187  
     168	672.656  
     169	671.281  
     170	668.781  
     171	665.937  
     172	664.562  
     173	664.094  
     174	664.531  
     175	664.687  
     176	664.625  
     177	663.281  
     178	671.187  
     179	666.500  
     180	676.469  
     181	673.156  
     182	670.969  
     183	666.781  
     184	670.031  
     185	672.250  
     186	678.062  
     187	681.031  
     188	681.187  
     189	679.219  
     190	675.531  
     191	672.437  
     192	670.531  
     193	669.687  
     194	669.375  
     195	670.344  
     196	670.781  
     197	669.562  
     198	676.281  
     199	671.687  
     200	683.344  
     201	680.875  
     202	677.250  
     203	672.125  
     204	676.375  
     205	680.812  
     206	686.594  
     207	690.031  
     208	689.875  
     209	688.531  
     210	686.281  
     211	682.344  
     212	680.125  
     213	679.406  
     214	680.000  
     215	680.594  
     216	681.000  
     217	681.156  
     218	688.156  
     219	685.281  
     220	697.781  
     221	694.875  
     222	691.469  
     223	686.594  
     224	690.594  
     225	693.344  
     226	699.125  
     227	703.250  
     228	703.750  
     229	700.312  
     230	697.250  
     231	693.469  
     232	692.094  
     233	691.812  
     234	691.937  
     235	692.844  
     236	692.531  
     237	692.531  
     238	698.750  
     239	694.875  
     240	706.812  
     241	704.312  
     242	700.437  
     243	695.437  
     244	697.969  
     245	699.437  
     246	704.062  
     247	707.406  
     248	706.906  
     249	703.937  
     250	700.594  
     251	697.875  
     252	696.094  
     253	695.437  
     254	694.750  
     255	695.062  
     256	695.156  
     257	695.594  
     258	702.250  
     259	698.656  
     260	711.437  
     261	708.031  
     262	703.844  
     263	698.375  
     264	701.531  
     265	704.937  
     266	708.906  
     267	710.625  
     268	710.094  
     269	707.406  
     270	703.031  
     271	699.344  
     272	696.531  
     273	694.656  
     274	693.906  
     275	693.562  
     276	694.281  
     277	693.406  
     278	700.250  
     279	695.969  
     280	707.469  
     281	703.437  
     282	697.969  
     283	691.344  
     284	694.281  
     285	696.375  
     286	700.875  
     287	703.719  
     288	703.375  
     289	700.500  
     290	697.562  
     291	692.969  
     292	689.750  
     293	688.125  
     294	688.031  
     295	688.000  
     296	688.281  
     297	686.781  
     298	693.406  
     299	687.781  
     300	698.687  
     301	694.344  
     302	689.750  
     303	683.625  
     304	686.969  
     305	688.906  
     306	693.125  
     307	694.937  
     308	693.750  
     309	691.000  
     310	687.000  
     311	683.344  
     312	680.500  
     313	679.219  
     314	678.437  
     315	678.312  
     316	678.625  
     317	677.500  
     318	683.344  
     319	678.719  
     320	689.875  
     321	686.344  
     322	682.312  
     323	675.844  
     324	677.812  
     325	679.437  
     326	683.000  
     327	684.156  
     328	683.687  
     329	681.094  
     330	677.000  
     331	673.656  
     332	672.031  
     333	671.469  
     334	671.312  
     335	671.656  
     336	671.250  
     337	670.344  
     338	676.594  
     339	672.250  
     340	683.156  
     341	678.625  
     342	674.375  
     343	667.562  
     344	670.812  
     345	672.937  
     346	677.531  
     347	679.969  
     348	679.187  
     349	676.344  
     350	673.125  
     351	670.531  
     352	669.375  
     353	668.031  
     354	667.781  
     355	667.469  
     356	667.844  
     357	667.156  
     358	674.344  
     359	669.656  
     360	680.937  
     361	678.062  
     362	675.250  
     363	669.375  
     364	673.156  
     365	676.750  
     366	681.656  
     367	683.625  
     368	683.906  
     369	681.844  
     370	679.781  
     371	677.312  
     372	675.687  
     373	675.469  
     374	675.906  
     375	676.656  
     376	676.781  
     377	676.656  
     378	683.562  
     379	679.531  
     380	692.031  
     381	690.187  
     382	686.969  
     383	681.125  
     384	684.625  
     385	687.281  
     386	693.125  
     387	696.125  
     388	696.500  
     389	694.531  
     390	692.594  
     391	689.437  
     392	687.312  
     393	686.562  
     394	687.656  
     395	688.000  
     396	688.469  
     397	688.469  
     398	696.187  
     399	692.469  
     400	705.687  
     401	702.437  
     402	698.219  
     403	693.875  
     404	697.125  
     405	701.187  
     406	707.125  
     407	710.312  
     408	710.937  
     409	710.062  
     410	708.250  
     411	705.594  
     412	703.406  
     413	703.469  
     414	703.750  
     415	704.562  
     416	705.187  
     417	705.031  
     418	712.312  
     419	709.969  
     420	723.937  
     421	721.906  
     422	718.406  
     423	713.219  
     424	717.156  
     425	720.031  
     426	725.687  
     427	728.437  
     428	728.937  
     429	726.125  
     430	722.250  
     431	719.875  
     432	717.156  
     433	715.437  
     434	715.625  
     435	715.656  
     436	716.344  
     437	716.062  
     438	723.094  
     439	719.062  
     440	731.437  
     441	727.562  
     442	723.344  
     443	718.094  
     444	721.937  
     445	726.031  
     446	730.906  
     447	733.625  
     448	734.344  
     449	730.781  
     450	726.875  
     451	723.906  
     452	720.781  
     453	718.969  
     454	719.000  
     455	719.406  
     456	718.719  
     457	718.594  
     458	724.906  
     459	720.344  
     460	733.969  
     461	729.812  
     462	725.781  
     463	720.094  
     464	723.312  
     465	725.031  
     466	729.312  
     467	731.781  
     468	730.656  
     469	727.187  
     470	722.656  
     471	717.781  
     472	715.187  
     473	714.187  
     474	713.562  
     475	712.125  
     476	711.344  
     477	710.062  
     478	716.437  
     479	711.500  
     480	723.062  
     481	718.531  
     482	714.344  
     483	707.906  
     484	711.969  
     485	714.531  
     486	719.312  
     487	721.156  
     488	721.031  
     489	716.437  
     490	712.062  
     491	708.500  
     492	705.094  
     493	702.812  
     494	702.156  
     495	700.875  
     496	700.656  
     497	700.281  
     498	706.187  
     499	702.062  
     500	713.031  
     501	710.594  
     502	705.156  
     503	699.406  
     504	702.031  
     505	704.187  
     506	708.906  
     507	710.937  
     508	709.969  
     509	706.094  
     510	701.250  
     511	696.750  
     512	693.750  
     513	692.250  
     514	691.844  
     515	690.969  
     516	690.031  
     517	688.531  
     518	695.312  
     519	690.406  
     520	701.937  
     521	697.344  
     522	693.125  
     523	686.469  
     524	688.750  
     525	691.312  
     526	695.750  
     527	697.250  
     528	697.062  
     529	693.594  
     530	689.312  
     531	686.375  
     532	684.125  
     533	683.094  
     534	682.844  
     535	682.250  
     536	681.812  
     537	680.781  
     538	687.812  
     539	684.344  
     540	696.375  
     541	693.031  
     542	688.750  
     543	683.625  
     544	686.812  
     545	689.187  
     546	693.969  
     547	696.469  
     548	696.406  
     549	694.750  
     550	692.312  
     551	689.375  
     552	687.031  
     553	686.031  
     554	685.969  
     555	685.906  
     556	685.437  
     557	685.594  
     558	692.687  
     559	688.937  
     560	701.344  
     561	698.719  
     562	696.281  
     563	690.719  
     564	693.000  
     565	696.937  
     566	702.156  
     567	705.812  
     568	706.437  
     569	703.625  
     570	700.437  
     571	698.187  
     572	696.500  
     573	695.562  
     574	696.312  
     575	697.187  
     576	698.187  
     577	698.469  
     578	706.281  
     579	703.375  
     580	717.406  
     581	714.375  
     582	711.312  
     583	707.406  
     584	711.437  
     585	715.719  
     586	721.437  
     587	725.062  
     588	726.125  
     589	723.844  
     590	721.094  
     591	717.781  
     592	716.562  
     593	716.844  
     594	717.906  
     595	718.562  
     596	719.125  
     597	720.062  
     598	727.344  
     599	724.469  
     600	739.312  
     601	736.500  
     602	732.562  
     603	729.312  
     604	733.437  
     605	736.781  
     606	742.531  
     607	747.281  
     608	748.656  
     609	745.625  
     610	743.375  
     611	740.531  
     612	738.500  
     613	738.312  
     614	738.312  
     615	738.625  
     616	739.625  
     617	741.625  
     618	748.937  
     619	745.094  
     620	760.219  
     621	756.062  
     622	752.594  
     623	748.594  
     624	752.937  
     625	755.437  
     626	761.687  
     627	766.312  
     628	766.531  
     629	763.469  
     630	759.437  
     631	755.937  
     632	753.250  
     633	753.437  
     634	754.375  
     635	754.781  
     636	755.812  
     637	755.344  
     638	762.156  
     639	756.750  
     640	771.844  
     641	767.312  
     642	761.875  
     643	755.750  
     644	759.406  
     645	760.812  
     646	766.312  
     647	769.812  
     648	768.937  
     649	765.625  
     650	760.844  
     651	755.875  
     652	752.344  
     653	749.719  
     654	749.062  
     655	748.594  
     656	747.094  
     657	745.500  
     658	751.625  
     659	747.094  
     660	761.406  
     661	756.187  
     662	750.906  
     663	745.781  
     664	749.687  
     665	752.531  
     666	756.094  
     667	758.719  
     668	757.719  
     669	753.031  
     670	748.281  
     671	742.687  
     672	739.094  
     673	736.531  
     674	736.281  
     675	735.969  
     676	735.406  
     677	734.125  
     678	739.437  
     679	734.875  
     680	747.875  
     681	742.719  
     682	738.062  
     683	730.906  
     684	734.344  
     685	735.937  
     686	740.906  
     687	742.437  
     688	740.812  
     689	735.562  
     690	729.687  
     691	724.562  
     692	720.469  
     693	718.562  
     694	716.750  
     695	714.906  
     696	713.594  
     697	710.875  
     698	717.000  
     699	711.531  
     700	724.562  
     701	719.656  
     702	714.031  
     703	708.250  
     704	711.844  
     705	713.531  
     706	717.656  
     707	720.187  
     708	719.906  
     709	715.062  
     710	710.156  
     711	706.687  
     712	703.781  
     713	701.562  
     714	700.531  
     715	700.656  
     716	699.625  
     717	699.250  
     718	706.000  
     719	700.781  
     720	713.312  
     721	708.594  
     722	704.437  
     723	697.625  
     724	700.250  
     725	702.937  
     726	707.437  
     727	709.437  
     728	709.500  
     729	706.875  
     730	704.000  
     731	700.094  
     732	697.187  
     733	696.000  
     734	696.594  
     735	695.937  
     736	695.875  
     737	695.969  
     738	703.656  
     739	698.594  
     740	711.812  
     741	708.344  
     742	703.937  
     743	698.844  
     744	701.844  
     745	704.406  
     746	710.062  
     747	713.469  
     748	714.656  
     749	712.156  
     750	709.156  
     751	706.375  
     752	704.625  
     753	703.469  
     754	704.281  
     755	704.844  
     756	705.000  
     757	704.781  
     758	712.281  
     759	709.375  
     760	723.562  
     761	721.094  
     762	718.187  
     763	713.562  
     764	718.156  
     765	722.500  
     766	729.219  
     767	733.875  
     768	735.312  
     769	733.812  
     770	731.719  
     771	730.375  
     772	728.781  
     773	729.187  
     774	730.000  
     775	730.906  
     776	731.812  
     777	732.437  
     778	740.781  
     779	738.031  
     780	754.750  
     781	752.812  
     782	749.219  
     783	744.781  
     784	751.375  
     785	755.625  
     786	763.187  
     787	768.875  
     788	770.969  
     789	768.312  
     790	765.031  
     791	763.125  
     792	763.500  
     793	763.531  
     794	764.156  
     795	765.187  
     796	765.812  
     797	766.406  
     798	774.062  
     799	770.594  
     800	788.844  
     801	784.687  
     802	779.469  
     803	776.594  
     804	780.187  
     805	782.969  
     806	790.250  
     807	795.906  
     808	796.375  
     809	793.187  
     810	789.062  
     811	784.906  
     812	783.031  
     813	782.656  
     814	782.375  
     815	784.969  
     816	787.094  
     817	786.656  
     818	792.719  
     819	789.812  
     820	808.719  
     821	804.906  
     822	799.156  
     823	795.156  
     824	798.312  
     825	801.687  
     826	808.094  
     827	811.969  
     828	811.969  
     829	807.406  
     830	803.094  
     831	799.469  
     832	796.625  
     833	794.469  
     834	793.531  
     835	793.969  
     836	794.437  
     837	793.406  
     838	798.469  
     839	794.281  
     840	812.906  
     841	806.187  
     842	800.562  
     843	795.031  
     844	797.875  
     845	799.781  
     846	804.875  
     847	808.594  
     848	807.437  
     849	802.562  
     850	795.875  
     851	791.219  
     852	786.406  
     853	783.687  
     854	782.187  
     855	781.531  
     856	780.937  
     857	777.812  
     858	784.344  
     859	780.312  
     860	796.187  
     861	789.000  
     862	781.500  
     863	774.000  
     864	775.531  
     865	776.469  
     866	782.062  
     867	783.781  
     868	781.937  
     869	777.469  
     870	771.562  
     871	765.125  
     872	760.875  
     873	758.844  
     874	757.125  
     875	755.062  
     876	754.375  
     877	753.156  
     878	758.031  
     879	753.437  
     880	767.031  
     881	760.625  
     882	754.125  
     883	747.312  
     884	750.187  
     885	750.750  
     886	753.969  
     887	755.500  
     888	754.594  
     889	749.375  
     890	744.687  
     891	740.719  
     892	736.844  
     893	734.000  
     894	733.656  
     895	732.406  
     896	730.750  
     897	729.656  
     898	734.937  
     899	730.281  
     900	743.937  
     901	737.750  
     902	731.594  
     903	724.937  
     904	727.094  
     905	728.312  
     906	732.062  
     907	734.344  
     908	734.750  
     909	729.312  
     910	724.594  
     911	719.469  
     912	716.219  
     913	715.406  
     914	714.312  
     915	713.687  
     916	713.344  
     917	712.437  
     918	718.625  
     919	714.219  
     920	727.187  
     921	723.219  
     922	720.187  
     923	714.250  
     924	717.094  
     925	718.437  
     926	722.687  
     927	724.250  
     928	725.375  
     929	722.219  
     930	718.344  
     931	715.625  
     932	713.812  
     933	712.375  
     934	712.187  
     935	712.281  
     936	712.656  
     937	711.375  
     938	719.562  
     939	715.594  
     940	729.875  
     941	726.500  
     942	724.312  
     943	719.781  
     944	724.219  
     945	729.344  
     946	735.875  
     947	740.937  
     948	744.187  
     949	742.969  
     950	740.062  
     951	739.000  
     952	739.000  
     953	739.375  
     954	742.094  
     955	743.875  
     956	746.094  
     957	747.187  
     958	754.437  
     959	751.562  
     960	769.156  
     961	766.656  
     962	764.656  
     963	762.406  
     964	768.562  
     965	772.125  
     966	781.031  
     967	785.562  
     968	787.594  
     969	786.094  
     970	783.719  
     971	782.375  
     972	782.875  
     973	783.219  
     974	785.156  
     975	787.469  
     976	788.812  
     977	789.312  
     978	797.156  
     979	796.031  
     980	819.469  
     981	815.562  
     982	811.656  
     983	808.031  
     984	813.562  
     985	819.437  
     986	829.031  
     987	835.219  
     988	836.125  
     989	834.906  
     990	832.500  
     991	829.500  
     992	828.875  
     993	828.500  
     994	831.062  
     995	832.969  
     996	835.406  
     997	834.594  
     998	842.625  
     999	841.375  
    1000	866.812  
    1001	861.781  
    1002	857.437  
    1003	855.250  
    1004	861.656  
    1005	867.000  
    1006	874.750  
    1007	882.062  
    1008	882.844  
    1009	879.344  
    1010	875.594  
    1011	870.625  
    1012	867.531  
    1013	865.844  
    1014	868.281  
    1015	870.625  
    1016	871.781  
    1017	870.656  
    1018	876.531  
    1019	875.219  
    1020	899.469  
    1021	892.250  
    1022	885.094  
    1023	880.344  
    1024	884.000  
    1025	885.875  
    1026	891.500  
    1027	897.312  
    1028	896.875  
    1029	890.031  
    1030	883.781  
    1031	875.344  
    1032	871.875  
    1033	867.500  
    1034	866.469  
    1035	865.562  
    1036	863.437  
    1037	861.750  
    1038	865.875  
    1039	861.156  
    1040	881.906  
    1041	872.500  
    1042	864.906  
    1043	858.469  
    1044	861.344  
    1045	863.656  
    1046	869.250  
    1047	873.031  
    1048	872.219  
    1049	866.531  
    1050	857.719  
    1051	850.844  
    1052	846.375  
    1053	842.781  
    1054	838.812  
    1055	836.344  
    1056	834.125  
    1057	830.875  
    1058	834.656  
    1059	829.687  
    1060	847.875  
    1061	838.375  
    1062	828.625  
    1063	820.219  
    1064	820.156  
    1065	820.125  
    1066	824.844  
    1067	827.156  
    1068	824.125  
    1069	817.844  
    1070	809.844  
    1071	802.844  
    1072	799.000  
    1073	795.031  
    1074	793.219  
    1075	791.687  
    1076	789.219  
    1077	786.719  
    1078	791.437  
    1079	785.406  
    1080	800.250  
    1081	791.750  
    1082	784.156  
    1083	776.219  
    1084	777.219  
    1085	776.844  
    1086	779.500  
    1087	781.937  
    1088	779.406  
    1089	774.812  
    1090	768.906  
    1091	762.250  
    1092	758.219  
    1093	753.625  
    1094	751.625  
    1095	750.531  
    1096	749.656  
    1097	747.000  
    1098	750.812  
    1099	745.469  
    1100	759.156  
    1101	753.937  
    1102	747.687  
    1103	741.375  
    1104	743.031  
    1105	744.656  
    1106	750.906  
    1107	754.219  
    1108	754.219  
    1109	750.031  
    1110	745.094  
    1111	739.969  
    1112	737.344  
    1113	735.062  
    1114	735.187  
    1115	735.219  
    1116	735.062  
    1117	734.594  
    1118	741.562  
    1119	736.781  
    1120	751.469  
    1121	747.625  
    1122	743.437  
    1123	738.719  
    1124	744.062  
    1125	749.094  
    1126	755.656  
    1127	760.562  
    1128	762.406  
    1129	759.562  
    1130	756.781  
    1131	754.937  
    1132	753.062  
    1133	752.750  
    1134	753.187  
    1135	755.750  
    1136	757.437  
    1137	757.156  
    1138	767.281  
    1139	766.219  
    1140	785.000  
    1141	781.906  
    1142	779.844  
    1143	776.844  
    1144	783.219  
    1145	788.062  
    1146	796.594  
    1147	802.937  
    1148	807.281  
    1149	806.937  
    1150	804.844  
    1151	804.062  
    1152	805.312  
    1153	806.656  
    1154	809.750  
    1155	813.531  
    1156	816.875  
    1157	820.437  
    1158	830.312  
    1159	830.531  
    1160	853.875  
    1161	852.500  
    1162	851.875  
    1163	850.000  
    1164	856.969  
    1165	863.469  
    1166	875.687  
    1167	886.531  
    1168	889.000  
    1169	888.469  
    1170	885.031  
    1171	884.437  
    1172	885.844  
    1173	887.094  
    1174	889.625  
    1175	893.719  
    1176	898.656  
    1177	901.750  
    1178	912.406  
    1179	914.187  
    1180	943.531  
    1181	934.969  
    1182	928.656  
    1183	927.437  
    1184	938.594  
    1185	945.062  
    1186	958.187  
    1187	968.344  
    1188	973.812  
    1189	971.062  
    1190	966.844  
    1191	963.844  
    1192	961.906  
    1193	961.625  
    1194	964.031  
    1195	967.625  
    1196	970.531  
    1197	969.344  
    1198	978.812  
    1199	982.594  
    1200	1017.656 
    1201	1010.031 
    1202	1000.687 
    1203	995.781  
    1204	996.531  
    1205	995.375  
    1206	1004.469 
    1207	1013.062 
    1208	1014.562 
    1209	1010.687 
    1210	1001.125 
    1211	990.375  
    1212	982.156  
    1213	980.750  
    1214	979.187  
    1215	977.250  
    1216	979.906  
    1217	982.187  
    1218	990.812  
    1219	990.062  
    1220	1024.812 
    1221	1015.187 
    1222	999.844  
    1223	989.812  
    1224	989.781  
    1225	993.469  
    1226	999.156  
    1227	1005.969 
    1228	1004.562 
    1229	994.469  
    1230	983.187  
    1231	974.437  
    1232	967.406  
    1233	962.000  
    1234	958.687  
    1235	958.406  
    1236	956.750  
    1237	953.031  
    1238	956.281  
    1239	952.125  
    1240	977.687  
    1241	964.406  
    1242	953.187  
    1243	942.937  
    1244	941.969  
    1245	941.531  
    1246	948.156  
    1247	951.969  
    1248	948.031  
    1249	937.562  
    1250	925.469  
    1251	916.031  
    1252	909.062  
    1253	902.937  
    1254	898.656  
    1255	894.687  
    1256	890.187  
    1257	885.594  
    1258	888.875  
    1259	883.750  
    1260	905.437  
    1261	893.531  
    1262	882.781  
    1263	872.250  
    1264	870.031  
    1265	868.437  
    1266	872.844  
    1267	873.719  
    1268	869.000  
    1269	860.219  
    1270	850.281  
    1271	841.125  
    1272	833.969  
    1273	830.219  
    1274	827.281  
    1275	823.750  
    1276	819.625  
    1277	815.812  
    1278	818.750  
    1279	811.781  
    1280	827.094  
    1281	817.437  
    1282	809.031  
    1283	800.875  
    1284	801.656  
    1285	801.500  
    1286	805.062  
    1287	806.562  
    1288	803.906  
    1289	797.344  
    1290	790.000  
    1291	783.969  
    1292	779.187  
    1293	776.312  
    1294	774.031  
    1295	773.281  
    1296	771.000  
    1297	770.156  
    1298	777.000  
    1299	772.250  
    1300	788.906  
    1301	782.906  
    1302	778.250  
    1303	773.250  
    1304	776.437  
    1305	778.781  
    1306	785.312  
    1307	787.344  
    1308	787.469  
    1309	782.687  
    1310	778.719  
    1311	777.062  
    1312	775.844  
    1313	775.531  
    1314	776.062  
    1315	778.312  
    1316	780.937  
    1317	782.531  
    1318	792.719  
    1319	792.594  
    1320	814.750  
    1321	811.125  
    1322	808.250  
    1323	807.812  
    1324	814.969  
    1325	821.906  
    1326	831.594  
    1327	839.031  
    1328	844.594  
    1329	844.906  
    1330	843.937  
    1331	842.000  
    1332	843.219  
    1333	846.719  
    1334	853.812  
    1335	861.094  
    1336	867.187  
    1337	872.062  
    1338	884.750  
    1339	888.875  
    1340	922.719  
    1341	920.344  
    1342	919.312  
    1343	922.656  
    1344	933.937  
    1345	945.062  
    1346	962.469  
    1347	975.437  
    1348	985.281  
    1349	985.062  
    1350	985.281  
    1351	987.781  
    1352	994.000  
    1353	1002.969 
    1354	1015.031 
    1355	1028.312 
    1356	1039.875 
    1357	1043.906 
    1358	1056.625 
    1359	1066.406 
    1360	1112.969 
    1361	1104.875 
    1362	1102.562 
    1363	1110.969 
    1364	1125.062 
    1365	1132.812 
    1366	1152.219 
    1367	1174.094 
    1368	1180.812 
    1369	1176.531 
    1370	1178.219 
    1371	1176.187 
    1372	1180.219 
    1373	1185.062 
    1374	1194.281 
    1375	1204.375 
    1376	1215.531 
    1377	1224.375 
    1378	1234.594 
    1379	1245.969 
    1380	1301.937 
    1381	1281.844 
    1382	1271.937 
    1383	1279.937 
    1384	1288.031 
    1385	1291.844 
    1386	1307.187 
    1387	1319.781 
    1388	1317.187 
    1389	1301.906 
    1390	1293.719 
    1391	1288.469 
    1392	1283.406 
    1393	1282.687 
    1394	1284.062 
    1395	1286.906 
    1396	1283.906 
    1397	1284.812 
    1398	1297.250 
    1399	1304.344 
    1400	1359.219 
    1401	1336.937 
    1402	1311.812 
    1403	1304.812 
    1404	1307.844 
    1405	1314.625 
    1406	1338.187 
    1407	1350.812 
    1408	1345.469 
    1409	1326.875 
    1410	1310.344 
    1411	1294.719 
    1412	1290.687 
    1413	1283.594 
    1414	1284.219 
    1415	1282.156 
    1416	1277.625 
    1417	1274.187 
    1418	1278.250 
    1419	1278.500 
    1420	1322.937 
    1421	1288.531 
    1422	1260.125 
    1423	1245.344 
    1424	1237.125 
    1425	1234.094 
    1426	1241.906 
    1427	1246.344 
    1428	1238.844 
    1429	1222.375 
    1430	1202.156 
    1431	1187.094 
    1432	1175.562 
    1433	1166.469 
    1434	1163.250 
    1435	1159.906 
    1436	1153.437 
    1437	1145.125 
    1438	1141.312 
    1439	1135.687 
    1440	1167.344 
    1441	1140.312 
    1442	1115.156 
    1443	1098.812 
    1444	1091.469 
    1445	1085.031 
    1446	1086.844 
    1447	1087.031 
    1448	1076.406 
    1449	1060.281 
    1450	1041.250 
    1451	1021.437 
    1452	1003.250 
    1453	993.562  
    1454	985.187  
    1455	981.375  
    1456	974.469  
    1457	964.687  
    1458	962.844  
    1459	953.000  
    1460	972.937  
    1461	951.312  
    1462	933.594  
    1463	922.094  
    1464	917.344  
    1465	912.250  
    1466	914.531  
    1467	912.875  
    1468	907.094  
    1469	894.125  
    1470	878.594  
    1471	865.250  
    1472	853.125  
    1473	848.187  
    1474	846.125  
    1475	841.156  
    1476	836.469  
    1477	832.250  
    1478	835.531  
    1479	828.906  
    1480	845.469  
    1481	835.031  
    1482	827.062  
    1483	820.562  
    1484	819.281  
    1485	818.656  
    1486	822.250  
    1487	822.875  
    1488	821.594  
    1489	815.250  
    1490	809.219  
    1491	803.937  
    1492	800.781  
    1493	797.812  
    1494	797.344  
    1495	796.500  
    1496	797.312  
    1497	798.312  
    1498	807.156  
    1499	807.844  
    1500	830.344  
    1501	829.344  
    1502	826.594  
    1503	824.781  
    1504	833.500  
    1505	841.344  
    1506	852.656  
    1507	864.312  
    1508	875.312  
    1509	877.937  
    1510	881.437  
    1511	885.437  
    1512	890.906  
    1513	900.375  
    1514	912.625  
    1515	926.469  
    1516	940.625  
    1517	954.219  
    1518	973.187  
    1519	990.625  
    1520	1042.906 
    1521	1054.625 
    1522	1064.812 
    1523	1078.719 
    1524	1098.000 
    1525	1122.594 
    1526	1157.437 
    1527	1188.500 
    1528	1211.094 
    1529	1225.531 
    1530	1231.719 
    1531	1239.406 
    1532	1251.594 
    1533	1263.406 
    1534	1282.844 
    1535	1307.781 
    1536	1334.500 
    1537	1362.000 
    1538	1393.562 
    1539	1426.406 
    1540	1506.125 
    1541	1486.281 
    1542	1484.219 
    1543	1510.781 
    1544	1547.281 
    1545	1589.531 
    1546	1641.312 
    1547	1684.437 
    1548	1723.437 
    1549	1737.750 
    1550	1733.406 
    1551	1746.250 
    1552	1766.500 
    1553	1779.375 
    1554	1808.844 
    1555	1844.875 
    1556	1882.594 
    1557	1906.062 
    1558	1941.687 
    1559	2007.031 
    1560	2104.969 
    1561	2048.437 
    1562	2028.406 
    1563	2058.094 
    1564	2076.156 
    1565	2098.406 
    1566	2154.031 
    1567	2193.750 
    1568	2193.937 
    1569	2186.156 
    1570	2184.937 
    1571	2196.625 
    1572	2211.656 
    1573	2224.187 
    1574	2257.125 
    1575	2288.469 
    1576	2311.906 
    1577	2328.062 
    1578	2350.594 
    1579	2416.062 
    1580	2469.375 
    1581	2349.687 
    1582	2305.375 
    1583	2331.844 
    1584	2354.469 
    1585	2393.281 
    1586	2470.156 
    1587	2546.312 
    1588	2550.094 
    1589	2534.469 
    1590	2540.062 
    1591	2528.937 
    1592	2530.562 
    1593	2544.375 
    1594	2558.812 
    1595	2573.375 
    1596	2603.625 
    1597	2588.031 
    1598	2559.375 
    1599	2587.406 
    1600	2669.562 
    1601	2586.187 
    1602	2563.281 
    1603	2581.219 
    1604	2580.406 
    1605	2599.781 
    1606	2606.812 
    1607	2590.656 
    1608	2548.750 
    1609	2494.062 
    1610	2483.344 
    1611	2482.312 
    1612	2463.937 
    1613	2449.906 
    1614	2447.094 
    1615	2449.969 
    1616	2460.812 
    1617	2441.812 
    1618	2413.500 
    1619	2406.625 
    1620	2425.781 
    1621	2310.594 
    1622	2265.969 
    1623	2263.000 
    1624	2224.531 
    1625	2218.031 
    1626	2226.375 
    1627	2214.312 
    1628	2178.500 
    1629	2142.312 
    1630	2100.250 
    1631	2082.781 
    1632	2065.719 
    1633	2040.031 
    1634	2035.281 
    1635	2022.250 
    1636	1997.969 
    1637	1974.219 
    1638	1959.094 
    1639	1964.531 
    1640	2008.375 
    1641	1909.594 
    1642	1840.781 
    1643	1822.187 
    1644	1805.594 
    1645	1782.125 
    1646	1776.437 
    1647	1762.156 
    1648	1724.156 
    1649	1669.125 
    1650	1615.969 
    1651	1579.062 
    1652	1550.094 
    1653	1521.500 
    1654	1502.625 
    1655	1492.844 
    1656	1484.406 
    1657	1455.875 
    1658	1432.406 
    1659	1422.531 
    1660	1449.937 
    1661	1388.094 
    1662	1335.719 
    1663	1303.156 
    1664	1276.125 
    1665	1255.062 
    1666	1246.906 
    1667	1234.062 
    1668	1211.250 
    1669	1178.625 
    1670	1150.156 
    1671	1123.375 
    1672	1103.719 
    1673	1087.906 
    1674	1072.406 
    1675	1059.812 
    1676	1048.656 
    1677	1037.000 
    1678	1028.625 
    1679	1017.156 
    1680	1036.937 
    1681	1017.531 
    1682	998.219  
    1683	984.094  
    1684	982.281  
    1685	981.125  
    1686	985.531  
    1687	993.312  
    1688	993.969  
    1689	989.781  
    1690	989.719  
    1691	990.719  
    1692	993.531  
    1693	1003.344 
    1694	1021.781 
    1695	1043.656 
    1696	1068.094 
    1697	1095.375 
    1698	1132.344 
    1699	1169.344 
    1700	1247.500 
    1701	1266.062 
    1702	1294.625 
    1703	1337.250 
    1704	1386.344 
    1705	1449.062 
    1706	1524.500 
    1707	1596.906 
    1708	1663.781 
    1709	1711.875 
    1710	1758.062 
    1711	1815.125 
    1712	1890.469 
    1713	1978.719 
    1714	2068.437 
    1715	2175.531 
    1716	2277.844 
    1717	2362.750 
    1718	2448.406 
    1719	2606.437 
    1720	2773.781 
    1721	2759.844 
    1722	2815.969 
    1723	2950.594 
    1724	3048.250 
    1725	3164.812 
    1726	3314.719 
    1727	3465.219 
    1728	3583.281 
    1729	3682.406 
    1730	3781.469 
    1731	3910.531 
    1732	4058.969 
    1733	4212.375 
    1734	4342.875 
    1735	4465.594 
    1736	4610.000 
    1737	4774.844 
    1738	4919.844 
    1739	5172.125 
    1740	5302.437 
    1741	5366.281 
    1742	5546.906 
    1743	5748.969 
    1744	5904.344 
    1745	6058.187 
    1746	6233.625 
    1747	6455.531 
    1748	6617.312 
    1749	6755.219 
    1750	6918.906 
    1751	7067.094 
    1752	7202.812 
    1753	7413.344 
    1754	7589.375 
    1755	7780.062 
    1756	8018.937 
    1757	8259.031 
    1758	8483.781 
    1759	8844.187 
    1760	8987.812 
    1761	9095.000 
    1762	9279.781 
    1763	9472.469 
    1764	9803.656 
    1765	10149.875
    1766	10344.469
    1767	10693.531
    1768	11069.031
    1769	11114.344
    1770	11198.375
    1771	11450.156
    1772	11672.906
    1773	11723.812
    1774	11846.781
    1775	11828.562
    1776	11789.031
    1777	11929.156
    1778	12303.781
    1779	12864.031
    1780	13185.906
    1781	13433.594
    1782	13720.687
    1783	14021.250
    1784	14368.719
    1785	14947.906
    1786	15698.469
    1787	16237.031
    1788	16352.000
    1789	16220.281
    1790	16092.656
    1791	16450.687
    1792	16916.062
    1793	17137.719
    1794	17266.344
    1795	17828.031
    1796	18129.437
    1797	18219.719
    1798	18505.469
    1799	18778.312
    1800	18969.281
    1801	18981.781
    1802	19289.656
    1803	19757.219
    1804	20111.906
    1805	20788.469
    1806	21155.031
    1807	21123.469
    1808	21223.500
    1809	21493.719
    1810	21729.844
    1811	21869.031
    1812	21928.656
    1813	22446.219
    1814	23079.125
    1815	23164.031
    1816	22952.719
    1817	22861.750
    1818	22985.000
    1819	23306.219
    1820	23560.531
    1821	23856.687
    1822	24399.031
    1823	24549.344
    1824	24687.750
    1825	24942.875
    1826	25046.344
    1827	25212.656
    1828	25304.437
    1829	25620.781
    1830	26311.250
    1831	26717.625
    1832	26906.125
    1833	26927.719
    1834	26955.844
    1835	27332.625
    1836	27652.187
    1837	27576.031
    1838	27430.906
    1839	27974.312
    1840	28357.281
    1841	28151.562
    1842	28272.469
    1843	28462.219
    1844	28486.562
    1845	28581.031
    1846	28715.031
    1847	28781.312
    1848	28778.781
    1849	28870.812
    1850	29098.531
    1851	29148.875
    1852	29197.187
    1853	29358.312
    1854	29768.312
    1855	30017.125
    1856	29719.000
    1857	29585.937
    1858	29627.062
    1859	29569.656
    1860	29463.500
    1861	29690.750
    1862	29982.812
    1863	29940.312
    1864	29758.969
    1865	29661.937
    1866	29765.406
    1867	29688.437
    1868	29665.375
    1869	30010.312
    1870	30280.531
    1871	30351.375
    1872	30197.594
    1873	29857.812
    1874	29468.781
    1875	29199.250
    1876	29219.500
    1877	29241.187
    1878	29293.062
    1879	29445.406
    1880	29299.812
    1881	29132.750
    1882	28983.844
    1883	28664.281
    1884	28358.750
    1885	28100.687
    1886	28055.312
    1887	28049.562
    1888	27865.906
    1889	27712.156
    1890	27490.469
    1891	27196.969
    1892	27003.187
    1893	27098.719
    1894	27178.312
    1895	27107.094
    1896	27175.156
    1897	27181.844
    1898	27173.719
    1899	27181.469
    1900	26959.781
    1901	26705.437
    1902	26499.250
    1903	26278.281
    1904	26022.062
    1905	25957.312
    1906	25902.750
    1907	25887.000
    1908	25994.562
    1909	26029.469
    1910	25868.781
    1911	25412.125
    1912	25062.250
    1913	24944.281
    1914	24891.625
    1915	24667.625
    1916	24217.969
    1917	24020.969
    1918	23737.281
    1919	23432.937
    1920	23113.750
    1921	22764.375
    1922	22585.812
    1923	22323.469
    1924	22047.625
    1925	21861.250
    1926	21616.156
    1927	21373.375
    1928	20981.250
    1929	20902.406
    1930	20775.406
    1931	20188.562
    1932	19922.812
    1933	20163.125
    1934	20067.375
    1935	19388.125
    1936	18954.500
    1937	19032.437
    1938	19080.937
    1939	18890.094
    1940	18413.281
    1941	17712.062
    1942	17217.469
    1943	17069.594
    1944	16880.500
    1945	16756.094
    1946	16601.031
    1947	16413.406
    1948	16214.156
    1949	15846.156
    1950	15393.125
    1951	15102.500
    1952	14985.125
    1953	15034.125
    1954	14893.000
    1955	14711.562
    1956	14608.000
    1957	14185.531
    1958	13628.875
    1959	13484.437
    1960	13450.156
    1961	13245.281
    1962	12780.125
    1963	12434.031
    1964	12303.344
    1965	11949.656
    1966	11605.906
    1967	11549.000
    1968	11271.031
    1969	10912.469
    1970	10745.781
    1971	10492.781
    1972	10305.656
    1973	9985.281 
    1974	9742.312 
    1975	9566.687 
    1976	9318.531 
    1977	9075.125 
    1978	8971.437 
    1979	8974.187 
    1980	8617.344 
    1981	8183.687 
    1982	8037.531 
    1983	8033.000 
    1984	7877.469 
    1985	7729.500 
    1986	7502.125 
    1987	7177.656 
    1988	6890.781 
    1989	6664.469 
    1990	6492.219 
    1991	6288.125 
    1992	6071.812 
    1993	5952.750 
    1994	5856.875 
    1995	5767.531 
    1996	5664.250 
    1997	5537.844 
    1998	5412.562 
    1999	5398.437 
    2000	5251.687 
    2001	4969.375 
    2002	4728.844 
    2003	4536.312 
    2004	4347.750 
    2005	4296.937 
    2006	4247.687 
    2007	4068.250 
    2008	3868.000 
    2009	3740.750 
    2010	3635.812 
    2011	3509.781 
    2012	3357.406 
    2013	3241.125 
    2014	3142.531 
    2015	3056.844 
    2016	2962.062 
    2017	2844.656 
    2018	2755.969 
    2019	2716.187 
    2020	2671.594 
    2021	2480.312 
    2022	2345.156 
    2023	2285.156 
    2024	2218.375 
    2025	2171.344 
    2026	2141.937 
    2027	2093.344 
    2028	2018.594 
    2029	1924.219 
    2030	1835.687 
    2031	1769.469 
    2032	1715.656 
    2033	1663.812 
    2034	1620.375 
    2035	1576.750 
    2036	1531.531 
    2037	1495.687 
    2038	1461.125 
    2039	1426.937 
    2040	1445.250 
    2041	1376.187 
    2042	1316.312 
    2043	1280.625 
    2044	1252.500 
    2045	1231.406 
    2046	1220.781 
    2047	1208.719 
    2048	1186.656 
    2049	1155.406 
    2050	1129.000 
    2051	1107.719 
    2052	1088.344 
    2053	1071.687 
    2054	1061.437 
    2055	1054.312 
    2056	1047.437 
    2057	1039.844 
    2058	1041.906 
    2059	1037.094 
    2060	1064.875 
    2061	1051.125 
    2062	1038.375 
    2063	1029.969 
    2064	1032.094 
    2065	1036.281 
    2066	1048.062 
    2067	1065.156 
    2068	1072.312 
    2069	1071.937 
    2070	1074.875 
    2071	1079.281 
    2072	1091.062 
    2073	1108.656 
    2074	1126.594 
    2075	1146.094 
    2076	1166.219 
    2077	1187.562 
    2078	1215.594 
    2079	1240.469 
    2080	1316.281 
    2081	1314.656 
    2082	1314.594 
    2083	1330.625 
    2084	1355.906 
    2085	1384.625 
    2086	1429.031 
    2087	1475.250 
    2088	1497.781 
    2089	1506.031 
    2090	1513.000 
    2091	1526.344 
    2092	1550.406 
    2093	1576.750 
    2094	1605.594 
    2095	1634.125 
    2096	1655.656 
    2097	1687.594 
    2098	1725.812 
    2099	1769.000 
    2100	1871.500 
    2101	1840.844 
    2102	1825.687 
    2103	1853.594 
    2104	1868.062 
    2105	1898.344 
    2106	1957.125 
    2107	1999.594 
    2108	2008.531 
    2109	1999.406 
    2110	1996.781 
    2111	2002.094 
    2112	2022.594 
    2113	2043.562 
    2114	2077.187 
    2115	2110.406 
    2116	2128.750 
    2117	2147.406 
    2118	2167.531 
    2119	2219.969 
    2120	2290.594 
    2121	2203.156 
    2122	2179.312 
    2123	2215.531 
    2124	2231.375 
    2125	2256.594 
    2126	2311.062 
    2127	2351.281 
    2128	2329.156 
    2129	2287.844 
    2130	2275.125 
    2131	2285.000 
    2132	2298.625 
    2133	2309.719 
    2134	2313.844 
    2135	2312.031 
    2136	2312.000 
    2137	2291.812 
    2138	2294.781 
    2139	2358.750 
    2140	2423.406 
    2141	2326.687 
    2142	2302.500 
    2143	2332.719 
    2144	2302.000 
    2145	2273.594 
    2146	2288.312 
    2147	2288.781 
    2148	2268.781 
    2149	2252.187 
    2150	2226.719 
    2151	2202.687 
    2152	2179.750 
    2153	2160.125 
    2154	2151.312 
    2155	2142.594 
    2156	2147.187 
    2157	2149.562 
    2158	2173.719 
    2159	2209.437 
    2160	2262.781 
    2161	2144.719 
    2162	2087.406 
    2163	2078.625 
    2164	2047.344 
    2165	2043.906 
    2166	2057.406 
    2167	2056.562 
    2168	2035.187 
    2169	2005.906 
    2170	1984.906 
    2171	1971.187 
    2172	1954.344 
    2173	1935.906 
    2174	1929.219 
    2175	1920.250 
    2176	1904.687 
    2177	1884.437 
    2178	1871.125 
    2179	1870.062 
    2180	1918.812 
    2181	1838.281 
    2182	1786.500 
    2183	1769.375 
    2184	1743.844 
    2185	1734.937 
    2186	1739.312 
    2187	1729.125 
    2188	1702.969 
    2189	1663.219 
    2190	1629.625 
    2191	1607.281 
    2192	1591.625 
    2193	1576.781 
    2194	1558.844 
    2195	1535.000 
    2196	1518.125 
    2197	1499.312 
    2198	1487.750 
    2199	1479.156 
    2200	1513.750 
    2201	1450.156 
    2202	1406.531 
    2203	1387.719 
    2204	1371.531 
    2205	1359.437 
    2206	1356.562 
    2207	1349.781 
    2208	1331.031 
    2209	1298.312 
    2210	1267.719 
    2211	1240.937 
    2212	1218.219 
    2213	1198.875 
    2214	1184.250 
    2215	1169.969 
    2216	1156.500 
    2217	1140.000 
    2218	1131.406 
    2219	1121.031 
    2220	1144.250 
    2221	1112.344 
    2222	1085.281 
    2223	1065.906 
    2224	1055.562 
    2225	1046.031 
    2226	1044.687 
    2227	1039.531 
    2228	1026.500 
    2229	1006.375 
    2230	984.875  
    2231	967.000  
    2232	950.875  
    2233	939.719  
    2234	933.219  
    2235	926.062  
    2236	918.844  
    2237	911.656  
    2238	911.937  
    2239	901.125  
    2240	918.531  
    2241	902.281  
    2242	888.969  
    2243	878.281  
    2244	876.375  
    2245	873.094  
    2246	873.156  
    2247	874.156  
    2248	868.594  
    2249	859.594  
    2250	849.562  
    2251	841.781  
    2252	835.781  
    2253	833.375  
    2254	831.094  
    2255	829.156  
    2256	828.812  
    2257	825.094  
    2258	830.406  
    2259	825.469  
    2260	846.094  
    2261	838.250  
    2262	831.969  
    2263	825.969  
    2264	830.844  
    2265	834.812  
    2266	843.344  
    2267	849.250  
    2268	850.687  
    2269	848.125  
    2270	846.469  
    2271	843.375  
    2272	844.031  
    2273	846.125  
    2274	849.594  
    2275	851.875  
    2276	854.500  
    2277	857.437  
    2278	868.812  
    2279	870.937  
    2280	900.500  
    2281	896.187  
    2282	892.437  
    2283	891.844  
    2284	896.187  
    2285	905.219  
    2286	919.594  
    2287	933.531  
    2288	937.719  
    2289	935.687  
    2290	935.125  
    2291	934.281  
    2292	935.719  
    2293	939.062  
    2294	944.312  
    2295	952.875  
    2296	958.375  
    2297	964.375  
    2298	976.187  
    2299	980.375  
    2300	1019.062 
    2301	1018.031 
    2302	1012.969 
    2303	1012.437 
    2304	1019.469 
    2305	1027.406 
    2306	1044.281 
    2307	1061.594 
    2308	1063.594 
    2309	1059.000 
    2310	1056.719 
    2311	1054.781 
    2312	1058.812 
    2313	1064.687 
    2314	1071.750 
    2315	1081.156 
    2316	1089.625 
    2317	1095.375 
    2318	1106.125 
    2319	1111.406 
    2320	1153.719 
    2321	1138.812 
    2322	1125.844 
    2323	1124.281 
    2324	1129.031 
    2325	1135.187 
    2326	1151.719 
    2327	1160.062 
    2328	1161.000 
    2329	1148.406 
    2330	1136.625 
    2331	1127.469 
    2332	1122.250 
    2333	1123.781 
    2334	1125.469 
    2335	1125.031 
    2336	1123.469 
    2337	1119.031 
    2338	1124.437 
    2339	1126.437 
    2340	1165.781 
    2341	1145.969 
    2342	1129.406 
    2343	1125.187 
    2344	1123.375 
    2345	1118.344 
    2346	1125.750 
    2347	1130.969 
    2348	1130.875 
    2349	1123.812 
    2350	1107.094 
    2351	1098.531 
    2352	1092.375 
    2353	1087.375 
    2354	1084.719 
    2355	1084.437 
    2356	1083.937 
    2357	1078.406 
    2358	1079.594 
    2359	1078.344 
    2360	1108.500 
    2361	1087.594 
    2362	1068.531 
    2363	1058.437 
    2364	1055.031 
    2365	1054.031 
    2366	1058.750 
    2367	1059.906 
    2368	1054.031 
    2369	1043.375 
    2370	1029.500 
    2371	1015.906 
    2372	1000.344 
    2373	991.125  
    2374	985.062  
    2375	981.937  
    2376	977.281  
    2377	971.812  
    2378	973.500  
    2379	966.812  
    2380	991.219  
    2381	973.750  
    2382	958.344  
    2383	946.062  
    2384	942.562  
    2385	939.906  
    2386	943.719  
    2387	945.094  
    2388	940.094  
    2389	928.406  
    2390	915.969  
    2391	903.469  
    2392	893.500  
    2393	886.344  
    2394	882.531  
    2395	878.937  
    2396	875.437  
    2397	869.719  
    2398	872.219  
    2399	864.094  
    2400	883.719  
    2401	871.937  
    2402	859.094  
    2403	849.437  
    2404	847.656  
    2405	845.031  
    2406	846.906  
    2407	847.562  
    2408	843.812  
    2409	836.000  
    2410	827.094  
    2411	819.719  
    2412	812.625  
    2413	807.375  
    2414	803.875  
    2415	801.469  
    2416	798.531  
    2417	793.000  
    2418	798.000  
    2419	791.812  
    2420	808.875  
    2421	799.719  
    2422	792.562  
    2423	784.687  
    2424	785.875  
    2425	786.531  
    2426	790.781  
    2427	793.094  
    2428	793.687  
    2429	788.719  
    2430	783.437  
    2431	777.625  
    2432	774.094  
    2433	772.094  
    2434	771.469  
    2435	771.125  
    2436	770.750  
    2437	770.312  
    2438	777.906  
    2439	773.562  
    2440	790.281  
    2441	786.156  
    2442	781.125  
    2443	775.312  
    2444	778.687  
    2445	780.594  
    2446	786.906  
    2447	791.531  
    2448	793.719  
    2449	789.844  
    2450	787.187  
    2451	782.281  
    2452	781.781  
    2453	782.469  
    2454	784.531  
    2455	785.375  
    2456	788.281  
    2457	790.000  
    2458	799.594  
    2459	800.719  
    2460	822.031  
    2461	818.000  
    2462	813.656  
    2463	811.625  
    2464	817.156  
    2465	822.625  
    2466	831.656  
    2467	838.000  
    2468	840.281  
    2469	839.812  
    2470	839.437  
    2471	835.625  
    2472	834.187  
    2473	836.562  
    2474	840.187  
    2475	842.812  
    2476	844.250  
    2477	844.812  
    2478	852.312  
    2479	851.812  
    2480	878.750  
    2481	874.719  
    2482	870.719  
    2483	867.906  
    2484	875.437  
    2485	881.750  
    2486	892.687  
    2487	902.969  
    2488	908.781  
    2489	908.531  
    2490	905.812  
    2491	902.281  
    2492	900.531  
    2493	901.125  
    2494	903.344  
    2495	905.625  
    2496	909.625  
    2497	912.000  
    2498	921.156  
    2499	922.656  
    2500	952.500  
    2501	945.906  
    2502	940.500  
    2503	936.187  
    2504	941.562  
    2505	945.000  
    2506	955.187  
    2507	964.719  
    2508	968.250  
    2509	965.125  
    2510	959.344  
    2511	955.094  
    2512	953.219  
    2513	952.156  
    2514	953.750  
    2515	955.594  
    2516	956.187  
    2517	955.469  
    2518	962.500  
    2519	964.375  
    2520	995.062  
    2521	982.812  
    2522	972.094  
    2523	968.062  
    2524	970.719  
    2525	971.875  
    2526	979.062  
    2527	986.469  
    2528	985.969  
    2529	979.406  
    2530	968.000  
    2531	958.219  
    2532	954.750  
    2533	950.125  
    2534	947.375  
    2535	947.031  
    2536	946.687  
    2537	945.500  
    2538	951.000  
    2539	949.500  
    2540	975.281  
    2541	960.469  
    2542	947.906  
    2543	940.406  
    2544	941.094  
    2545	941.719  
    2546	948.187  
    2547	949.812  
    2548	948.000  
    2549	937.562  
    2550	927.500  
    2551	919.156  
    2552	913.812  
    2553	911.250  
    2554	909.531  
    2555	906.781  
    2556	903.562  
    2557	900.031  
    2558	900.344  
    2559	894.250  
    2560	914.969  
    2561	901.344  
    2562	890.000  
    2563	878.969  
    2564	878.937  
    2565	876.125  
    2566	879.469  
    2567	880.562  
    2568	876.656  
    2569	868.750  
    2570	857.844  
    2571	848.687  
    2572	843.156  
    2573	838.781  
    2574	836.219  
    2575	835.312  
    2576	832.094  
    2577	828.906  
    2578	832.312  
    2579	825.406  
    2580	844.000  
    2581	833.969  
    2582	825.250  
    2583	817.250  
    2584	818.219  
    2585	818.219  
    2586	821.750  
    2587	821.781  
    2588	817.156  
    2589	809.844  
    2590	802.125  
    2591	794.656  
    2592	789.000  
    2593	784.250  
    2594	780.656  
    2595	778.031  
    2596	774.062  
    2597	772.375  
    2598	779.312  
    2599	773.250  
    2600	788.125  
    2601	781.625  
    2602	775.187  
    2603	767.719  
    2604	768.937  
    2605	768.625  
    2606	772.625  
    2607	774.969  
    2608	774.656  
    2609	769.187  
    2610	763.937  
    2611	758.844  
    2612	755.750  
    2613	753.531  
    2614	753.250  
    2615	753.125  
    2616	752.469  
    2617	751.344  
    2618	756.687  
    2619	753.250  
    2620	769.125  
    2621	763.312  
    2622	758.469  
    2623	753.375  
    2624	757.062  
    2625	760.375  
    2626	766.344  
    2627	771.031  
    2628	771.437  
    2629	767.562  
    2630	762.437  
    2631	759.281  
    2632	756.219  
    2633	756.906  
    2634	756.906  
    2635	757.219  
    2636	758.406  
    2637	758.500  
    2638	766.250  
    2639	764.031  
    2640	781.187  
    2641	776.125  
    2642	772.531  
    2643	767.937  
    2644	772.469  
    2645	777.094  
    2646	784.531  
    2647	791.094  
    2648	792.219  
    2649	789.719  
    2650	787.094  
    2651	784.187  
    2652	783.875  
    2653	785.937  
    2654	788.687  
    2655	792.250  
    2656	795.656  
    2657	797.375  
    2658	806.000  
    2659	804.031  
    2660	825.437  
    2661	821.281  
    2662	818.906  
    2663	817.219  
    2664	823.875  
    2665	829.031  
    2666	838.531  
    2667	846.344  
    2668	848.719  
    2669	844.937  
    2670	842.594  
    2671	841.281  
    2672	840.344  
    2673	841.187  
    2674	842.031  
    2675	843.062  
    2676	845.031  
    2677	847.750  
    2678	856.906  
    2679	856.937  
    2680	881.375  
    2681	875.719  
    2682	870.531  
    2683	868.531  
    2684	873.031  
    2685	876.625  
    2686	886.469  
    2687	895.187  
    2688	896.594  
    2689	892.469  
    2690	888.094  
    2691	884.781  
    2692	882.625  
    2693	881.750  
    2694	885.406  
    2695	890.000  
    2696	891.250  
    2697	891.250  
    2698	899.875  
    2699	898.031  
    2700	924.437  
    2701	915.437  
    2702	907.687  
    2703	903.875  
    2704	906.656  
    2705	909.937  
    2706	918.687  
    2707	927.406  
    2708	927.906  
    2709	921.125  
    2710	912.062  
    2711	905.437  
    2712	900.469  
    2713	899.531  
    2714	901.500  
    2715	902.281  
    2716	903.406  
    2717	900.406  
    2718	904.312  
    2719	901.437  
    2720	923.625  
    2721	912.875  
    2722	903.875  
    2723	900.156  
    2724	903.219  
    2725	904.594  
    2726	910.125  
    2727	914.000  
    2728	912.562  
    2729	905.437  
    2730	898.062  
    2731	891.750  
    2732	886.219  
    2733	882.531  
    2734	881.031  
    2735	879.937  
    2736	880.625  
    2737	881.125  
    2738	884.625  
    2739	879.156  
    2740	900.469  
    2741	887.094  
    2742	876.125  
    2743	867.344  
    2744	868.062  
    2745	868.281  
    2746	874.062  
    2747	878.344  
    2748	876.687  
    2749	869.625  
    2750	860.969  
    2751	851.437  
    2752	844.937  
    2753	840.281  
    2754	839.031  
    2755	836.500  
    2756	835.219  
    2757	832.375  
    2758	836.562  
    2759	830.719  
    2760	849.812  
    2761	840.312  
    2762	832.312  
    2763	823.687  
    2764	824.375  
    2765	823.250  
    2766	828.344  
    2767	829.219  
    2768	826.812  
    2769	820.000  
    2770	812.156  
    2771	805.156  
    2772	799.906  
    2773	795.969  
    2774	793.469  
    2775	792.156  
    2776	788.969  
    2777	785.656  
    2778	791.312  
    2779	783.750  
    2780	799.187  
    2781	791.969  
    2782	784.469  
    2783	776.500  
    2784	778.969  
    2785	779.781  
    2786	783.406  
    2787	785.094  
    2788	782.000  
    2789	777.562  
    2790	770.312  
    2791	764.562  
    2792	760.406  
    2793	757.062  
    2794	755.344  
    2795	753.719  
    2796	753.750  
    2797	753.375  
    2798	757.469  
    2799	752.094  
    2800	765.844  
    2801	759.875  
    2802	752.625  
    2803	745.281  
    2804	748.469  
    2805	751.125  
    2806	754.187  
    2807	756.094  
    2808	754.531  
    2809	750.906  
    2810	745.937  
    2811	741.281  
    2812	739.000  
    2813	737.219  
    2814	735.500  
    2815	734.687  
    2816	734.219  
    2817	733.656  
    2818	739.906  
    2819	736.437  
    2820	751.437  
    2821	747.062  
    2822	741.094  
    2823	734.344  
    2824	737.500  
    2825	739.969  
    2826	744.844  
    2827	748.156  
    2828	748.281  
    2829	746.125  
    2830	743.219  
    2831	740.000  
    2832	737.844  
    2833	737.187  
    2834	737.406  
    2835	739.156  
    2836	739.594  
    2837	739.000  
    2838	746.219  
    2839	744.344  
    2840	760.312  
    2841	755.781  
    2842	752.656  
    2843	746.250  
    2844	750.156  
    2845	753.719  
    2846	760.375  
    2847	765.187  
    2848	767.500  
    2849	766.062  
    2850	763.000  
    2851	761.250  
    2852	759.562  
    2853	759.719  
    2854	760.312  
    2855	761.250  
    2856	762.594  
    2857	762.094  
    2858	770.312  
    2859	766.969  
    2860	784.781  
    2861	780.656  
    2862	776.406  
    2863	772.062  
    2864	778.937  
    2865	782.219  
    2866	788.281  
    2867	792.656  
    2868	794.094  
    2869	790.781  
    2870	789.156  
    2871	786.750  
    2872	784.000  
    2873	782.656  
    2874	783.156  
    2875	786.031  
    2876	788.594  
    2877	789.844  
    2878	798.219  
    2879	796.156  
    2880	814.562  
    2881	809.750  
    2882	804.469  
    2883	800.844  
    2884	805.125  
    2885	809.094  
    2886	816.719  
    2887	820.719  
    2888	822.312  
    2889	819.187  
    2890	813.437  
    2891	808.406  
    2892	805.812  
    2893	803.656  
    2894	803.656  
    2895	805.344  
    2896	807.594  
    2897	808.062  
    2898	813.562  
    2899	810.125  
    2900	827.687  
    2901	822.500  
    2902	814.594  
    2903	807.562  
    2904	810.500  
    2905	813.312  
    2906	819.906  
    2907	823.625  
    2908	822.281  
    2909	817.531  
    2910	813.062  
    2911	808.156  
    2912	805.312  
    2913	803.594  
    2914	802.219  
    2915	801.375  
    2916	802.281  
    2917	800.719  
    2918	806.687  
    2919	801.281  
    2920	818.906  
    2921	811.094  
    2922	804.562  
    2923	798.281  
    2924	799.437  
    2925	801.812  
    2926	806.437  
    2927	810.625  
    2928	810.000  
    2929	806.062  
    2930	800.469  
    2931	796.375  
    2932	792.406  
    2933	789.937  
    2934	788.062  
    2935	786.906  
    2936	786.000  
    2937	783.781  
    2938	788.719  
    2939	783.500  
    2940	801.094  
    2941	793.437  
    2942	786.906  
    2943	780.875  
    2944	782.844  
    2945	784.594  
    2946	789.719  
    2947	791.281  
    2948	789.937  
    2949	785.219  
    2950	779.812  
    2951	774.500  
    2952	771.656  
    2953	769.500  
    2954	768.250  
    2955	767.375  
    2956	766.375  
    2957	764.094  
    2958	769.750  
    2959	764.000  
    2960	778.375  
    2961	773.594  
    2962	767.000  
    2963	760.250  
    2964	762.437  
    2965	764.562  
    2966	770.062  
    2967	772.656  
    2968	771.344  
    2969	766.781  
    2970	759.500  
    2971	753.562  
    2972	749.437  
    2973	746.531  
    2974	745.750  
    2975	742.969  
    2976	742.062  
    2977	740.250  
    2978	745.281  
    2979	740.094  
    2980	753.531  
    2981	748.812  
    2982	743.219  
    2983	737.812  
    2984	740.469  
    2985	741.156  
    2986	745.531  
    2987	748.031  
    2988	747.250  
    2989	743.781  
    2990	739.281  
    2991	734.687  
    2992	731.719  
    2993	729.156  
    2994	728.656  
    2995	727.875  
    2996	728.344  
    2997	727.562  
    2998	733.094  
    2999	728.500  
    3000	741.250  
    3001	735.719  
    3002	730.344  
    3003	724.031  
    3004	727.969  
    3005	730.687  
    3006	737.094  
    3007	739.625  
    3008	739.437  
    3009	737.250  
    3010	732.906  
    3011	729.594  
    3012	726.562  
    3013	723.750  
    3014	724.781  
    3015	725.531  
    3016	725.562  
    3017	724.906  
    3018	731.344  
    3019	728.094  
    3020	742.875  
    3021	738.531  
    3022	733.437  
    3023	727.781  
    3024	731.094  
    3025	734.406  
    3026	741.031  
    3027	745.281  
    3028	745.406  
    3029	742.750  
    3030	739.906  
    3031	735.719  
    3032	732.094  
    3033	731.031  
    3034	732.312  
    3035	734.000  
    3036	733.219  
    3037	732.969  
    3038	740.531  
    3039	737.844  
    3040	753.219  
    3041	749.187  
    3042	744.219  
    3043	738.656  
    3044	741.812  
    3045	744.750  
    3046	750.906  
    3047	755.531  
    3048	756.531  
    3049	753.625  
    3050	750.781  
    3051	746.719  
    3052	744.844  
    3053	743.250  
    3054	743.125  
    3055	744.750  
    3056	745.875  
    3057	746.437  
    3058	754.250  
    3059	751.969  
    3060	769.187  
    3061	765.375  
    3062	761.656  
    3063	757.156  
    3064	760.094  
    3065	762.187  
    3066	768.250  
    3067	771.031  
    3068	772.125  
    3069	769.594  
    3070	765.281  
    3071	763.469  
    3072	759.875  
    3073	758.344  
    3074	758.781  
    3075	759.937  
    3076	761.750  
    3077	762.562  
    3078	770.000  
    3079	765.937  
    3080	783.312  
    3081	777.219  
    3082	772.375  
    3083	767.344  
    3084	771.375  
    3085	773.125  
    3086	778.500  
    3087	781.469  
    3088	781.344  
    3089	776.719  
    3090	772.750  
    3091	768.187  
    3092	766.000  
    3093	764.687  
    3094	764.875  
    3095	765.531  
    3096	765.281  
    3097	765.375  
    3098	772.781  
    3099	768.250  
    3100	785.719  
    3101	780.344  
    3102	774.500  
    3103	769.219  
    3104	772.656  
    3105	775.000  
    3106	780.469  
    3107	784.781  
    3108	784.937  
    3109	779.719  
    3110	775.844  
    3111	770.719  
    3112	768.812  
    3113	764.594  
    3114	763.969  
    3115	763.062  
    3116	762.281  
    3117	761.312  
    3118	767.344  
    3119	762.500  
    3120	778.219  
    3121	771.219  
    3122	764.187  
    3123	757.937  
    3124	761.594  
    3125	764.094  
    3126	768.906  
    3127	772.187  
    3128	770.562  
    3129	766.781  
    3130	761.312  
    3131	756.375  
    3132	753.187  
    3133	749.750  
    3134	749.094  
    3135	747.250  
    3136	745.750  
    3137	743.281  
    3138	748.750  
    3139	745.094  
    3140	759.625  
    3141	754.094  
    3142	747.812  
    3143	741.562  
    3144	744.500  
    3145	747.062  
    3146	752.062  
    3147	754.344  
    3148	753.656  
    3149	748.531  
    3150	743.437  
    3151	739.531  
    3152	737.594  
    3153	734.937  
    3154	734.031  
    3155	734.312  
    3156	733.469  
    3157	732.250  
    3158	738.156  
    3159	733.937  
    3160	748.219  
    3161	743.719  
    3162	738.094  
    3163	731.687  
    3164	735.156  
    3165	737.719  
    3166	742.844  
    3167	745.031  
    3168	745.156  
    3169	739.937  
    3170	734.750  
    3171	730.094  
    3172	727.094  
    3173	724.469  
    3174	724.156  
    3175	723.656  
    3176	723.469  
    3177	722.312  
    3178	728.437  
    3179	723.812  
    3180	737.062  
    3181	731.937  
    3182	727.125  
    3183	720.937  
    3184	723.656  
    3185	725.687  
    3186	731.531  
    3187	733.906  
    3188	733.750  
    3189	730.937  
    3190	726.937  
    3191	722.187  
    3192	720.719  
    3193	721.281  
    3194	721.531  
    3195	721.281  
    3196	721.094  
    3197	720.375  
    3198	727.281  
    3199	724.062  
    3200	737.937  
    3201	733.844  
    3202	728.812  
    3203	724.187  
    3204	728.312  
    3205	731.406  
    3206	735.750  
    3207	738.875  
    3208	738.781  
    3209	735.219  
    3210	731.312  
    3211	727.750  
    3212	725.969  
    3213	724.719  
    3214	724.875  
    3215	724.250  
    3216	724.187  
    3217	723.125  
    3218	728.781  
    3219	725.781  
    3220	740.906  
    3221	737.031  
    3222	733.844  
    3223	728.187  
    3224	731.656  
    3225	735.094  
    3226	741.531  
    3227	744.937  
    3228	745.781  
    3229	742.812  
    3230	737.906  
    3231	734.937  
    3232	732.437  
    3233	731.000  
    3234	731.062  
    3235	732.312  
    3236	734.187  
    3237	735.219  
    3238	741.906  
    3239	738.812  
    3240	754.562  
    3241	750.656  
    3242	746.656  
    3243	741.500  
    3244	744.969  
    3245	748.812  
    3246	754.031  
    3247	757.469  
    3248	758.156  
    3249	754.500  
    3250	750.187  
    3251	746.687  
    3252	743.719  
    3253	742.937  
    3254	743.969  
    3255	744.906  
    3256	745.062  
    3257	743.656  
    3258	748.812  
    3259	745.375  
    3260	762.281  
    3261	757.875  
    3262	753.656  
    3263	748.469  
    3264	752.156  
    3265	754.687  
    3266	760.344  
    3267	765.250  
    3268	765.250  
    3269	760.281  
    3270	757.125  
    3271	753.875  
    3272	752.062  
    3273	750.937  
    3274	752.375  
    3275	753.344  
    3276	754.437  
    3277	753.812  
    3278	759.469  
    3279	755.375  
    3280	771.812  
    3281	766.594  
    3282	760.406  
    3283	753.437  
    3284	757.250  
    3285	760.375  
    3286	765.906  
    3287	768.687  
    3288	768.125  
    3289	766.062  
    3290	760.719  
    3291	756.656  
    3292	753.312  
    3293	752.531  
    3294	751.812  
    3295	751.062  
    3296	749.625  
    3297	749.094  
    3298	754.000  
    3299	748.750  
    3300	764.500  
    3301	758.406  
    3302	752.719  
    3303	747.625  
    3304	751.187  
    3305	752.719  
    3306	756.906  
    3307	760.750  
    3308	761.187  
    3309	757.219  
    3310	752.937  
    3311	747.344  
    3312	744.219  
    3313	741.812  
    3314	741.250  
    3315	740.469  
    3316	739.656  
    3317	737.719  
    3318	743.656  
    3319	739.781  
    3320	753.281  
    3321	748.000  
    3322	743.156  
    3323	736.562  
    3324	739.406  
    3325	743.000  
    3326	748.500  
    3327	751.344  
    3328	750.781  
    3329	747.094  
    3330	742.312  
    3331	737.406  
    3332	735.062  
    3333	732.812  
    3334	732.281  
    3335	732.031  
    3336	731.719  
    3337	730.187  
    3338	735.687  
    3339	730.687  
    3340	744.031  
    3341	738.437  
    3342	733.187  
    3343	727.250  
    3344	730.562  
    3345	732.875  
    3346	737.375  
    3347	740.125  
    3348	739.250  
    3349	735.844  
    3350	730.187  
    3351	725.625  
    3352	723.656  
    3353	721.656  
    3354	721.500  
    3355	722.406  
    3356	721.344  
    3357	719.094  
    3358	725.937  
    3359	721.344  
    3360	735.062  
    3361	730.875  
    3362	725.719  
    3363	718.812  
    3364	722.344  
    3365	724.687  
    3366	728.875  
    3367	730.562  
    3368	730.219  
    3369	727.500  
    3370	723.844  
    3371	720.062  
    3372	719.000  
    3373	717.281  
    3374	717.937  
    3375	717.687  
    3376	717.219  
    3377	716.125  
    3378	721.969  
    3379	717.625  
    3380	732.219  
    3381	728.094  
    3382	724.156  
    3383	717.937  
    3384	721.437  
    3385	724.312  
    3386	728.719  
    3387	731.969  
    3388	731.156  
    3389	726.969  
    3390	723.844  
    3391	720.156  
    3392	718.812  
    3393	717.969  
    3394	719.437  
    3395	720.437  
    3396	720.750  
    3397	720.094  
    3398	726.781  
    3399	723.906  
    3400	737.750  
    3401	734.437  
    3402	729.406  
    3403	725.281  
    3404	729.344  
    3405	731.812  
    3406	736.687  
    3407	740.219  
    3408	741.125  
    3409	738.219  
    3410	734.656  
    3411	729.531  
    3412	727.406  
    3413	727.719  
    3414	727.844  
    3415	728.469  
    3416	727.719  
    3417	726.781  
    3418	732.875  
    3419	728.844  
    3420	744.406  
    3421	739.469  
    3422	734.687  
    3423	730.719  
    3424	735.281  
    3425	737.406  
    3426	743.406  
    3427	747.687  
    3428	747.937  
    3429	745.187  
    3430	741.281  
    3431	737.469  
    3432	735.031  
    3433	733.500  
    3434	734.125  
    3435	735.594  
    3436	735.219  
    3437	734.844  
    3438	742.187  
    3439	738.031  
    3440	754.500  
    3441	749.969  
    3442	744.937  
    3443	739.781  
    3444	743.656  
    3445	746.375  
    3446	752.187  
    3447	755.750  
    3448	755.875  
    3449	753.437  
    3450	749.250  
    3451	746.406  
    3452	743.875  
    3453	742.344  
    3454	741.937  
    3455	741.125  
    3456	740.187  
    3457	738.469  
    3458	744.719  
    3459	740.750  
    3460	755.812  
    3461	752.375  
    3462	747.594  
    3463	741.656  
    3464	745.031  
    3465	746.781  
    3466	752.937  
    3467	757.312  
    3468	757.625  
    3469	753.969  
    3470	748.875  
    3471	745.844  
    3472	743.500  
    3473	741.437  
    3474	740.656  
    3475	740.656  
    3476	740.219  
    3477	738.562  
    3478	745.000  
    3479	741.781  
    3480	756.094  
    3481	750.937  
    3482	745.406  
    3483	740.469  
    3484	743.625  
    3485	746.500  
    3486	750.594  
    3487	753.281  
    3488	752.437  
    3489	748.906  
    3490	745.219  
    3491	741.375  
    3492	738.969  
    3493	737.281  
    3494	736.219  
    3495	735.750  
    3496	734.219  
    3497	734.031  
    3498	740.781  
    3499	736.469  
    3500	750.812  
    3501	745.312  
    3502	740.562  
    3503	734.344  
    3504	736.875  
    3505	737.969  
    3506	741.406  
    3507	743.406  
    3508	741.594  
    3509	737.719  
    3510	733.344  
    3511	728.781  
    3512	725.969  
    3513	724.969  
    3514	724.969  
    3515	724.844  
    3516	724.469  
    3517	722.125  
    3518	729.781  
    3519	726.062  
    3520	739.469  
    3521	734.000  
    3522	728.812  
    3523	722.031  
    3524	725.187  
    3525	727.219  
    3526	733.094  
    3527	736.156  
    3528	734.844  
    3529	731.719  
    3530	726.156  
    3531	722.844  
    3532	719.906  
    3533	717.312  
    3534	716.375  
    3535	716.312  
    3536	716.031  
    3537	716.531  
    3538	722.281  
    3539	718.187  
    3540	731.375  
    3541	725.344  
    3542	720.469  
    3543	713.750  
    3544	716.219  
    3545	718.125  
    3546	723.719  
    3547	726.937  
    3548	726.656  
    3549	723.531  
    3550	720.719  
    3551	716.937  
    3552	714.062  
    3553	713.719  
    3554	713.031  
    3555	712.875  
    3556	712.687  
    3557	711.969  
    3558	718.406  
    3559	713.781  
    3560	727.000  
    3561	722.812  
    3562	718.687  
    3563	712.594  
    3564	716.531  
    3565	719.000  
    3566	724.125  
    3567	726.719  
    3568	726.219  
    3569	722.781  
    3570	718.125  
    3571	714.562  
    3572	712.531  
    3573	711.187  
    3574	710.437  
    3575	711.187  
    3576	711.187  
    3577	711.156  
    3578	718.187  
    3579	713.281  
    3580	726.656  
    3581	721.719  
    3582	717.062  
    3583	711.562  
    3584	715.437  
    3585	718.187  
    3586	723.812  
    3587	727.062  
    3588	728.906  
    3589	726.750  
    3590	723.000  
    3591	719.250  
    3592	716.500  
    3593	715.844  
    3594	716.937  
    3595	716.250  
    3596	716.250  
    3597	716.125  
    3598	722.844  
    3599	719.281  
    3600	733.687  
    3601	730.250  
    3602	724.344  
    3603	718.562  
    3604	720.969  
    3605	723.594  
    3606	729.437  
    3607	732.437  
    3608	733.500  
    3609	729.687  
    3610	725.687  
    3611	721.750  
    3612	720.344  
    3613	719.125  
    3614	718.594  
    3615	719.125  
    3616	718.750  
    3617	719.156  
    3618	726.375  
    3619	723.437  
    3620	737.562  
    3621	733.344  
    3622	727.875  
    3623	721.750  
    3624	726.219  
    3625	729.594  
    3626	734.906  
    3627	738.250  
    3628	738.531  
    3629	736.500  
    3630	732.062  
    3631	728.969  
    3632	726.656  
    3633	726.000  
    3634	725.844  
    3635	725.750  
    3636	726.312  
    3637	725.094  
    3638	731.656  
    3639	728.500  
    3640	741.937  
    3641	736.969  
    3642	730.625  
    3643	725.437  
    3644	729.656  
    3645	732.500  
    3646	737.219  
    3647	741.156  
#  ***END
