#  JIO#
#  Name of dataset:	
#  Generating program:	Fresn-Main-AD2-v1.vi
#  Saved on file:	17-6-2025	13:51
#  Total number of sections:	1
#  ***SECTION	Dataset
#  *FREE
#  Model: CCD-S3600-D(-UV)
#  Hardware Revision: A1.00
#  Firmware Revision: A1.10
#  Serial Number:   015035288C33EBB5
#  type apertuur:
#  *PARA
#  n			aantal spleten 
#  a		mm	afstand tussen spleten 
#  b		mm	breedte spleten
#  l		m	Golflengte 
#  d	0	m	afstand puntbron tot apertuur
#  lB		m	afstand bronlens tot apertuur
#  fB		m	brandpuntsafstand bronlens
#  s	0	m	afstand apertuur tot scherm 
#  lS	 	m	afstand  apertuur tot schermlens 
#  fS		m	brandpuntsafstand schermlens 
#  p	8	um	Sensor Pixel Pitch
#  U	2.30	V	Voltage_Laserdiode
#  T	20	us	Integration Time
#  n	32		Scans per Acquisition
#  HwC	Off		Hardware Dark Correction
#  *DATA	3648	rows	2	columns
#  Index   	Averages
       0	472.469  
       1	481.250  
       2	490.094  
       3	496.906  
       4	513.062  
       5	529.344  
       6	548.937  
       7	566.687  
       8	578.719  
       9	586.406  
      10	591.844  
      11	595.562  
      12	599.750  
      13	603.750  
      14	607.312  
      15	611.656  
      16	616.500  
      17	619.000  
      18	629.375  
      19	627.219  
      20	639.937  
      21	640.219  
      22	638.937  
      23	635.625  
      24	642.281  
      25	646.125  
      26	652.281  
      27	656.250  
      28	657.750  
      29	658.562  
      30	657.719  
      31	655.906  
      32	655.312  
      33	654.937  
      34	655.906  
      35	656.562  
      36	657.906  
      37	657.937  
      38	666.281  
      39	662.594  
      40	674.906  
      41	673.594  
      42	670.750  
      43	666.187  
      44	671.406  
      45	675.094  
      46	681.250  
      47	683.656  
      48	683.906  
      49	682.344  
      50	680.406  
      51	677.656  
      52	676.594  
      53	675.812  
      54	676.187  
      55	676.500  
      56	676.719  
      57	675.469  
      58	683.406  
      59	679.656  
      60	691.719  
      61	689.656  
      62	685.500  
      63	680.125  
      64	684.531  
      65	687.187  
      66	691.687  
      67	693.594  
      68	693.906  
      69	691.656  
      70	690.344  
      71	687.594  
      72	685.875  
      73	685.437  
      74	685.531  
      75	686.562  
      76	687.312  
      77	688.000  
      78	695.219  
      79	691.875  
      80	704.031  
      81	700.281  
      82	696.469  
      83	690.875  
      84	695.281  
      85	698.250  
      86	703.312  
      87	706.000  
      88	705.875  
      89	703.906  
      90	699.812  
      91	697.000  
      92	693.844  
      93	692.281  
      94	692.719  
      95	692.094  
      96	692.469  
      97	692.969  
      98	699.187  
      99	695.094  
     100	706.562  
     101	702.781  
     102	698.750  
     103	692.625  
     104	696.062  
     105	698.875  
     106	703.875  
     107	707.406  
     108	708.156  
     109	704.281  
     110	700.812  
     111	698.187  
     112	696.375  
     113	695.594  
     114	694.781  
     115	694.875  
     116	694.656  
     117	692.281  
     118	699.719  
     119	694.656  
     120	705.625  
     121	702.219  
     122	697.812  
     123	691.937  
     124	695.469  
     125	698.562  
     126	702.656  
     127	704.656  
     128	703.844  
     129	701.219  
     130	697.187  
     131	693.125  
     132	690.500  
     133	689.656  
     134	689.969  
     135	690.406  
     136	689.812  
     137	687.906  
     138	694.094  
     139	689.250  
     140	700.406  
     141	697.312  
     142	692.656  
     143	686.531  
     144	689.469  
     145	691.781  
     146	695.687  
     147	697.906  
     148	696.656  
     149	693.781  
     150	689.469  
     151	685.719  
     152	683.437  
     153	681.844  
     154	681.312  
     155	680.906  
     156	680.156  
     157	678.187  
     158	684.406  
     159	680.000  
     160	690.344  
     161	687.125  
     162	683.187  
     163	676.844  
     164	680.281  
     165	683.500  
     166	686.437  
     167	688.062  
     168	688.125  
     169	685.062  
     170	681.000  
     171	678.125  
     172	675.594  
     173	673.906  
     174	673.375  
     175	672.594  
     176	672.750  
     177	672.312  
     178	678.844  
     179	674.469  
     180	685.719  
     181	683.031  
     182	678.844  
     183	673.406  
     184	676.719  
     185	680.031  
     186	683.719  
     187	685.469  
     188	685.719  
     189	682.906  
     190	679.500  
     191	676.125  
     192	674.344  
     193	673.187  
     194	673.281  
     195	673.531  
     196	672.781  
     197	671.500  
     198	678.000  
     199	673.781  
     200	685.562  
     201	682.875  
     202	678.906  
     203	673.750  
     204	677.969  
     205	679.906  
     206	684.687  
     207	686.750  
     208	686.844  
     209	685.469  
     210	683.031  
     211	680.031  
     212	678.000  
     213	676.531  
     214	676.562  
     215	676.281  
     216	675.437  
     217	674.812  
     218	682.594  
     219	678.500  
     220	690.781  
     221	688.219  
     222	684.219  
     223	678.500  
     224	681.469  
     225	684.375  
     226	689.250  
     227	691.219  
     228	691.187  
     229	689.781  
     230	688.094  
     231	685.281  
     232	682.937  
     233	683.156  
     234	682.094  
     235	682.250  
     236	682.344  
     237	682.500  
     238	689.719  
     239	687.250  
     240	699.812  
     241	696.750  
     242	694.000  
     243	689.531  
     244	692.937  
     245	695.625  
     246	700.531  
     247	704.344  
     248	704.000  
     249	702.187  
     250	698.719  
     251	696.250  
     252	694.375  
     253	693.812  
     254	696.250  
     255	696.781  
     256	698.000  
     257	697.625  
     258	704.406  
     259	701.156  
     260	714.656  
     261	711.937  
     262	709.500  
     263	704.437  
     264	708.437  
     265	711.562  
     266	717.187  
     267	721.406  
     268	721.500  
     269	718.562  
     270	714.031  
     271	710.219  
     272	707.219  
     273	705.937  
     274	706.437  
     275	707.156  
     276	707.500  
     277	705.781  
     278	712.344  
     279	709.625  
     280	723.875  
     281	720.125  
     282	716.156  
     283	710.469  
     284	714.531  
     285	717.187  
     286	722.625  
     287	726.937  
     288	726.562  
     289	724.469  
     290	720.469  
     291	717.156  
     292	715.594  
     293	714.031  
     294	712.875  
     295	712.187  
     296	711.562  
     297	710.812  
     298	718.250  
     299	715.062  
     300	728.875  
     301	724.094  
     302	719.062  
     303	712.969  
     304	716.187  
     305	718.406  
     306	722.812  
     307	725.594  
     308	724.594  
     309	721.562  
     310	717.687  
     311	714.312  
     312	712.469  
     313	711.687  
     314	711.031  
     315	709.875  
     316	707.500  
     317	704.875  
     318	710.687  
     319	705.687  
     320	718.156  
     321	714.781  
     322	709.750  
     323	702.906  
     324	705.687  
     325	707.437  
     326	711.437  
     327	712.562  
     328	710.906  
     329	707.781  
     330	703.562  
     331	700.031  
     332	696.812  
     333	695.125  
     334	693.187  
     335	692.844  
     336	693.469  
     337	691.875  
     338	698.719  
     339	694.312  
     340	705.562  
     341	701.656  
     342	696.719  
     343	690.250  
     344	693.062  
     345	695.031  
     346	699.156  
     347	701.500  
     348	701.531  
     349	699.812  
     350	696.062  
     351	693.000  
     352	690.906  
     353	688.531  
     354	687.687  
     355	686.469  
     356	685.719  
     357	684.062  
     358	690.437  
     359	686.437  
     360	697.750  
     361	694.094  
     362	689.375  
     363	683.875  
     364	686.594  
     365	688.594  
     366	693.375  
     367	694.719  
     368	693.531  
     369	690.062  
     370	686.937  
     371	683.406  
     372	680.625  
     373	679.031  
     374	677.844  
     375	676.656  
     376	676.500  
     377	675.969  
     378	683.469  
     379	679.750  
     380	691.594  
     381	689.406  
     382	683.969  
     383	678.031  
     384	681.375  
     385	684.406  
     386	688.969  
     387	691.875  
     388	692.250  
     389	690.531  
     390	687.187  
     391	683.000  
     392	680.781  
     393	679.781  
     394	681.094  
     395	681.531  
     396	680.937  
     397	679.437  
     398	686.219  
     399	682.312  
     400	693.906  
     401	691.812  
     402	688.094  
     403	682.156  
     404	685.500  
     405	688.469  
     406	694.312  
     407	697.000  
     408	697.812  
     409	696.344  
     410	694.062  
     411	691.250  
     412	690.344  
     413	689.969  
     414	690.437  
     415	691.281  
     416	690.750  
     417	690.094  
     418	696.844  
     419	693.969  
     420	706.125  
     421	704.250  
     422	700.750  
     423	695.375  
     424	699.344  
     425	703.375  
     426	709.812  
     427	714.344  
     428	715.875  
     429	714.031  
     430	711.937  
     431	709.500  
     432	707.500  
     433	706.594  
     434	707.875  
     435	709.750  
     436	710.187  
     437	709.312  
     438	716.687  
     439	713.437  
     440	726.625  
     441	723.812  
     442	721.062  
     443	715.937  
     444	720.250  
     445	723.594  
     446	729.469  
     447	732.625  
     448	734.281  
     449	730.687  
     450	727.437  
     451	724.844  
     452	723.750  
     453	722.656  
     454	722.937  
     455	724.000  
     456	723.156  
     457	724.125  
     458	731.594  
     459	728.656  
     460	743.875  
     461	741.437  
     462	736.969  
     463	732.844  
     464	737.219  
     465	742.125  
     466	747.562  
     467	751.219  
     468	751.250  
     469	748.625  
     470	743.812  
     471	740.937  
     472	739.594  
     473	738.719  
     474	738.312  
     475	738.344  
     476	738.562  
     477	738.875  
     478	746.125  
     479	741.375  
     480	755.969  
     481	751.844  
     482	745.875  
     483	739.906  
     484	741.719  
     485	743.875  
     486	747.187  
     487	750.125  
     488	749.906  
     489	745.875  
     490	742.250  
     491	739.437  
     492	736.937  
     493	734.687  
     494	733.562  
     495	732.844  
     496	731.781  
     497	730.906  
     498	738.125  
     499	733.031  
     500	746.969  
     501	742.594  
     502	736.344  
     503	730.812  
     504	732.375  
     505	734.875  
     506	739.906  
     507	741.312  
     508	739.937  
     509	737.094  
     510	733.562  
     511	730.344  
     512	727.281  
     513	725.250  
     514	724.062  
     515	722.906  
     516	723.000  
     517	723.031  
     518	728.875  
     519	723.844  
     520	735.687  
     521	731.125  
     522	725.844  
     523	718.312  
     524	720.562  
     525	721.750  
     526	725.656  
     527	727.344  
     528	726.469  
     529	721.906  
     530	717.594  
     531	712.937  
     532	710.594  
     533	707.437  
     534	706.781  
     535	705.750  
     536	705.312  
     537	703.594  
     538	709.250  
     539	704.875  
     540	716.656  
     541	712.562  
     542	708.000  
     543	701.906  
     544	705.406  
     545	708.250  
     546	712.687  
     547	714.594  
     548	713.781  
     549	710.875  
     550	708.250  
     551	704.969  
     552	702.531  
     553	700.125  
     554	697.781  
     555	697.719  
     556	698.469  
     557	697.125  
     558	704.219  
     559	699.156  
     560	710.687  
     561	707.750  
     562	702.031  
     563	695.531  
     564	698.531  
     565	700.812  
     566	706.281  
     567	708.344  
     568	707.312  
     569	704.156  
     570	700.562  
     571	697.219  
     572	695.156  
     573	694.125  
     574	693.437  
     575	694.062  
     576	694.344  
     577	694.000  
     578	701.031  
     579	696.125  
     580	708.469  
     581	704.531  
     582	700.375  
     583	694.969  
     584	697.500  
     585	700.937  
     586	706.906  
     587	710.844  
     588	712.094  
     589	709.437  
     590	706.125  
     591	703.469  
     592	701.375  
     593	701.344  
     594	702.000  
     595	702.406  
     596	702.969  
     597	702.406  
     598	709.344  
     599	706.156  
     600	720.219  
     601	717.500  
     602	715.062  
     603	710.937  
     604	714.844  
     605	719.125  
     606	725.719  
     607	729.469  
     608	730.781  
     609	728.156  
     610	724.875  
     611	722.406  
     612	721.656  
     613	721.719  
     614	721.875  
     615	723.656  
     616	726.312  
     617	726.719  
     618	734.469  
     619	730.562  
     620	746.156  
     621	743.406  
     622	739.437  
     623	734.562  
     624	739.437  
     625	743.594  
     626	750.750  
     627	755.500  
     628	757.062  
     629	754.250  
     630	750.875  
     631	748.375  
     632	746.750  
     633	747.094  
     634	748.594  
     635	749.531  
     636	751.594  
     637	752.156  
     638	759.656  
     639	755.719  
     640	772.406  
     641	768.812  
     642	765.219  
     643	760.750  
     644	764.594  
     645	767.156  
     646	772.656  
     647	777.594  
     648	779.969  
     649	777.625  
     650	773.844  
     651	771.500  
     652	769.125  
     653	767.250  
     654	767.437  
     655	767.812  
     656	769.594  
     657	769.062  
     658	775.906  
     659	771.437  
     660	787.812  
     661	782.500  
     662	777.562  
     663	772.281  
     664	777.062  
     665	779.406  
     666	784.562  
     667	787.250  
     668	786.562  
     669	782.812  
     670	778.844  
     671	774.219  
     672	770.625  
     673	768.437  
     674	766.625  
     675	766.312  
     676	764.719  
     677	764.281  
     678	769.719  
     679	764.406  
     680	779.125  
     681	773.281  
     682	768.125  
     683	763.125  
     684	766.250  
     685	768.937  
     686	774.250  
     687	777.500  
     688	775.375  
     689	770.531  
     690	765.437  
     691	760.594  
     692	755.375  
     693	753.000  
     694	751.625  
     695	751.219  
     696	750.687  
     697	749.437  
     698	756.125  
     699	751.562  
     700	765.875  
     701	759.906  
     702	754.469  
     703	748.812  
     704	751.031  
     705	752.031  
     706	755.219  
     707	756.625  
     708	756.469  
     709	751.937  
     710	746.125  
     711	740.562  
     712	737.031  
     713	734.375  
     714	732.875  
     715	732.375  
     716	731.969  
     717	730.875  
     718	735.969  
     719	730.750  
     720	743.781  
     721	738.500  
     722	733.031  
     723	725.937  
     724	728.875  
     725	731.562  
     726	736.187  
     727	738.281  
     728	737.531  
     729	733.187  
     730	727.687  
     731	722.937  
     732	718.937  
     733	715.906  
     734	714.719  
     735	713.594  
     736	713.375  
     737	712.781  
     738	719.125  
     739	713.312  
     740	726.531  
     741	722.812  
     742	716.969  
     743	709.562  
     744	714.125  
     745	716.281  
     746	721.469  
     747	724.000  
     748	723.562  
     749	720.562  
     750	716.000  
     751	712.594  
     752	710.312  
     753	708.625  
     754	709.187  
     755	709.437  
     756	709.281  
     757	708.281  
     758	715.156  
     759	710.344  
     760	723.250  
     761	718.812  
     762	714.000  
     763	708.844  
     764	712.156  
     765	715.000  
     766	719.625  
     767	722.906  
     768	724.312  
     769	722.250  
     770	719.562  
     771	715.406  
     772	714.094  
     773	713.344  
     774	712.969  
     775	713.344  
     776	714.000  
     777	714.531  
     778	722.625  
     779	718.812  
     780	733.656  
     781	730.625  
     782	727.781  
     783	723.219  
     784	728.437  
     785	733.437  
     786	740.031  
     787	744.375  
     788	745.406  
     789	743.437  
     790	740.594  
     791	737.812  
     792	735.656  
     793	735.500  
     794	736.687  
     795	739.406  
     796	741.562  
     797	741.531  
     798	749.750  
     799	747.094  
     800	764.094  
     801	760.344  
     802	756.625  
     803	750.969  
     804	756.656  
     805	761.781  
     806	768.187  
     807	774.687  
     808	776.344  
     809	774.719  
     810	771.469  
     811	768.500  
     812	767.094  
     813	767.844  
     814	771.687  
     815	773.062  
     816	774.625  
     817	774.906  
     818	781.656  
     819	778.062  
     820	796.469  
     821	793.719  
     822	791.219  
     823	788.812  
     824	793.844  
     825	797.281  
     826	805.562  
     827	811.625  
     828	811.250  
     829	808.937  
     830	805.125  
     831	800.719  
     832	799.562  
     833	799.094  
     834	799.719  
     835	802.156  
     836	802.406  
     837	802.781  
     838	809.656  
     839	805.844  
     840	826.031  
     841	821.406  
     842	814.875  
     843	808.656  
     844	813.625  
     845	816.875  
     846	824.687  
     847	830.844  
     848	830.250  
     849	827.906  
     850	823.594  
     851	816.500  
     852	811.187  
     853	809.031  
     854	810.781  
     855	812.312  
     856	811.656  
     857	809.844  
     858	817.687  
     859	815.562  
     860	837.062  
     861	831.344  
     862	823.531  
     863	817.031  
     864	820.531  
     865	822.187  
     866	827.219  
     867	829.062  
     868	827.219  
     869	821.406  
     870	814.344  
     871	807.812  
     872	804.625  
     873	802.750  
     874	802.156  
     875	802.750  
     876	801.937  
     877	799.312  
     878	804.781  
     879	799.187  
     880	818.062  
     881	811.437  
     882	803.000  
     883	795.437  
     884	796.281  
     885	797.500  
     886	803.031  
     887	806.375  
     888	804.781  
     889	799.000  
     890	791.969  
     891	786.250  
     892	781.469  
     893	778.375  
     894	776.625  
     895	776.000  
     896	774.156  
     897	771.312  
     898	775.625  
     899	770.531  
     900	785.469  
     901	779.250  
     902	772.969  
     903	766.531  
     904	768.969  
     905	769.187  
     906	772.312  
     907	775.000  
     908	772.312  
     909	767.156  
     910	760.781  
     911	754.156  
     912	751.281  
     913	749.156  
     914	748.281  
     915	746.094  
     916	744.094  
     917	742.125  
     918	747.000  
     919	742.406  
     920	756.187  
     921	750.031  
     922	743.531  
     923	735.719  
     924	738.469  
     925	739.437  
     926	744.625  
     927	747.187  
     928	745.156  
     929	740.531  
     930	735.687  
     931	730.531  
     932	727.844  
     933	725.969  
     934	726.125  
     935	725.719  
     936	724.812  
     937	723.625  
     938	730.281  
     939	726.625  
     940	740.219  
     941	735.750  
     942	730.219  
     943	723.656  
     944	726.000  
     945	728.281  
     946	734.062  
     947	737.375  
     948	738.281  
     949	734.875  
     950	730.594  
     951	726.781  
     952	725.312  
     953	724.594  
     954	725.656  
     955	726.562  
     956	726.437  
     957	726.219  
     958	732.875  
     959	730.844  
     960	745.781  
     961	743.437  
     962	739.969  
     963	735.344  
     964	739.156  
     965	743.781  
     966	751.625  
     967	756.594  
     968	757.969  
     969	756.469  
     970	753.719  
     971	750.687  
     972	749.406  
     973	749.750  
     974	751.469  
     975	754.156  
     976	756.906  
     977	756.875  
     978	765.969  
     979	765.219  
     980	785.125  
     981	782.719  
     982	780.844  
     983	777.656  
     984	783.687  
     985	788.031  
     986	796.281  
     987	802.219  
     988	803.250  
     989	802.500  
     990	799.437  
     991	797.531  
     992	798.187  
     993	800.219  
     994	803.750  
     995	807.281  
     996	810.125  
     997	811.406  
     998	819.125  
     999	817.594  
    1000	841.125  
    1001	837.437  
    1002	833.594  
    1003	831.281  
    1004	836.500  
    1005	841.000  
    1006	849.906  
    1007	856.219  
    1008	859.875  
    1009	857.750  
    1010	853.125  
    1011	849.969  
    1012	849.375  
    1013	849.531  
    1014	851.750  
    1015	853.750  
    1016	855.812  
    1017	858.594  
    1018	868.812  
    1019	869.031  
    1020	896.000  
    1021	890.375  
    1022	883.281  
    1023	879.094  
    1024	883.719  
    1025	889.594  
    1026	898.875  
    1027	906.219  
    1028	909.094  
    1029	905.031  
    1030	901.562  
    1031	896.437  
    1032	893.687  
    1033	893.500  
    1034	892.594  
    1035	893.875  
    1036	894.125  
    1037	891.469  
    1038	899.437  
    1039	897.000  
    1040	922.062  
    1041	911.656  
    1042	902.687  
    1043	899.875  
    1044	902.906  
    1045	906.187  
    1046	913.187  
    1047	918.219  
    1048	917.062  
    1049	910.781  
    1050	903.000  
    1051	896.750  
    1052	893.156  
    1053	892.031  
    1054	890.531  
    1055	888.562  
    1056	886.656  
    1057	882.625  
    1058	888.406  
    1059	883.594  
    1060	910.219  
    1061	899.781  
    1062	888.437  
    1063	881.219  
    1064	881.844  
    1065	882.250  
    1066	887.562  
    1067	890.906  
    1068	886.437  
    1069	879.312  
    1070	871.469  
    1071	864.969  
    1072	859.812  
    1073	853.656  
    1074	851.031  
    1075	848.375  
    1076	845.469  
    1077	843.937  
    1078	847.937  
    1079	842.781  
    1080	862.156  
    1081	850.625  
    1082	841.625  
    1083	833.750  
    1084	835.062  
    1085	834.500  
    1086	837.156  
    1087	838.344  
    1088	836.062  
    1089	830.156  
    1090	823.906  
    1091	817.094  
    1092	811.625  
    1093	807.437  
    1094	802.969  
    1095	800.531  
    1096	798.156  
    1097	795.469  
    1098	800.250  
    1099	794.844  
    1100	811.125  
    1101	801.156  
    1102	793.437  
    1103	785.969  
    1104	786.437  
    1105	785.937  
    1106	790.000  
    1107	790.594  
    1108	788.719  
    1109	782.875  
    1110	774.656  
    1111	767.812  
    1112	763.687  
    1113	760.312  
    1114	758.719  
    1115	756.906  
    1116	755.562  
    1117	754.250  
    1118	760.312  
    1119	754.281  
    1120	768.437  
    1121	762.750  
    1122	755.750  
    1123	748.281  
    1124	750.594  
    1125	752.906  
    1126	757.406  
    1127	760.437  
    1128	760.687  
    1129	756.656  
    1130	752.250  
    1131	747.156  
    1132	744.312  
    1133	743.594  
    1134	743.875  
    1135	744.375  
    1136	744.812  
    1137	745.625  
    1138	752.906  
    1139	748.594  
    1140	764.812  
    1141	761.281  
    1142	757.500  
    1143	753.406  
    1144	757.000  
    1145	761.687  
    1146	770.312  
    1147	775.594  
    1148	778.437  
    1149	777.656  
    1150	775.469  
    1151	773.469  
    1152	774.219  
    1153	774.125  
    1154	776.281  
    1155	778.000  
    1156	780.250  
    1157	782.031  
    1158	791.000  
    1159	789.375  
    1160	811.312  
    1161	807.781  
    1162	804.219  
    1163	801.562  
    1164	807.469  
    1165	812.812  
    1166	823.375  
    1167	832.750  
    1168	835.562  
    1169	835.875  
    1170	836.687  
    1171	835.531  
    1172	835.062  
    1173	838.781  
    1174	842.750  
    1175	845.219  
    1176	851.312  
    1177	856.125  
    1178	867.969  
    1179	869.594  
    1180	897.219  
    1181	890.969  
    1182	887.687  
    1183	885.781  
    1184	896.781  
    1185	904.375  
    1186	914.969  
    1187	924.187  
    1188	930.031  
    1189	929.719  
    1190	929.031  
    1191	926.531  
    1192	926.312  
    1193	930.156  
    1194	934.562  
    1195	937.937  
    1196	943.000  
    1197	945.906  
    1198	956.344  
    1199	960.031  
    1200	993.281  
    1201	986.531  
    1202	979.125  
    1203	977.000  
    1204	978.656  
    1205	982.062  
    1206	993.531  
    1207	1004.562 
    1208	1011.250 
    1209	1009.125 
    1210	1004.875 
    1211	996.969  
    1212	992.687  
    1213	988.031  
    1214	987.594  
    1215	989.000  
    1216	992.656  
    1217	998.406  
    1218	1009.469 
    1219	1011.625 
    1220	1047.031 
    1221	1039.531 
    1222	1030.156 
    1223	1025.250 
    1224	1026.062 
    1225	1028.094 
    1226	1037.125 
    1227	1045.844 
    1228	1047.312 
    1229	1041.375 
    1230	1031.625 
    1231	1023.500 
    1232	1018.250 
    1233	1013.000 
    1234	1010.281 
    1235	1010.187 
    1236	1009.469 
    1237	1008.125 
    1238	1016.281 
    1239	1016.781 
    1240	1050.187 
    1241	1038.625 
    1242	1023.000 
    1243	1015.062 
    1244	1013.969 
    1245	1013.844 
    1246	1021.469 
    1247	1029.375 
    1248	1027.875 
    1249	1018.812 
    1250	1006.062 
    1251	992.312  
    1252	983.406  
    1253	977.781  
    1254	973.750  
    1255	973.969  
    1256	970.937  
    1257	967.687  
    1258	967.906  
    1259	960.187  
    1260	986.781  
    1261	972.062  
    1262	960.750  
    1263	953.344  
    1264	953.031  
    1265	953.406  
    1266	958.594  
    1267	959.531  
    1268	953.844  
    1269	941.937  
    1270	929.062  
    1271	919.562  
    1272	910.656  
    1273	904.469  
    1274	900.500  
    1275	896.594  
    1276	893.750  
    1277	889.156  
    1278	889.531  
    1279	881.656  
    1280	901.531  
    1281	885.875  
    1282	873.406  
    1283	865.000  
    1284	865.625  
    1285	863.437  
    1286	866.562  
    1287	865.594  
    1288	861.000  
    1289	851.875  
    1290	843.969  
    1291	836.031  
    1292	830.219  
    1293	826.781  
    1294	823.812  
    1295	822.344  
    1296	818.375  
    1297	814.000  
    1298	818.812  
    1299	811.375  
    1300	827.906  
    1301	819.781  
    1302	812.000  
    1303	804.719  
    1304	807.687  
    1305	808.281  
    1306	811.969  
    1307	813.156  
    1308	810.969  
    1309	805.937  
    1310	798.937  
    1311	793.219  
    1312	788.187  
    1313	785.656  
    1314	783.500  
    1315	782.750  
    1316	781.219  
    1317	780.000  
    1318	785.500  
    1319	780.625  
    1320	798.156  
    1321	793.562  
    1322	788.125  
    1323	783.500  
    1324	788.656  
    1325	794.031  
    1326	801.844  
    1327	808.750  
    1328	811.156  
    1329	810.187  
    1330	806.875  
    1331	805.844  
    1332	805.594  
    1333	806.906  
    1334	808.906  
    1335	814.000  
    1336	818.687  
    1337	822.344  
    1338	832.937  
    1339	833.656  
    1340	858.844  
    1341	855.344  
    1342	854.000  
    1343	855.437  
    1344	866.750  
    1345	876.281  
    1346	891.000  
    1347	900.750  
    1348	905.594  
    1349	906.625  
    1350	907.281  
    1351	907.781  
    1352	909.656  
    1353	914.500  
    1354	922.156  
    1355	933.000  
    1356	943.469  
    1357	952.594  
    1358	966.969  
    1359	973.969  
    1360	1014.031 
    1361	1014.469 
    1362	1014.969 
    1363	1018.312 
    1364	1031.094 
    1365	1047.531 
    1366	1070.312 
    1367	1091.500 
    1368	1100.031 
    1369	1101.219 
    1370	1101.062 
    1371	1102.875 
    1372	1108.812 
    1373	1116.906 
    1374	1125.781 
    1375	1136.187 
    1376	1147.594 
    1377	1156.500 
    1378	1172.594 
    1379	1186.750 
    1380	1236.531 
    1381	1221.531 
    1382	1214.750 
    1383	1217.875 
    1384	1232.125 
    1385	1248.469 
    1386	1267.406 
    1387	1279.344 
    1388	1280.062 
    1389	1272.094 
    1390	1263.969 
    1391	1255.781 
    1392	1256.750 
    1393	1262.125 
    1394	1269.719 
    1395	1280.406 
    1396	1282.406 
    1397	1286.656 
    1398	1296.375 
    1399	1309.187 
    1400	1367.344 
    1401	1343.625 
    1402	1323.750 
    1403	1315.562 
    1404	1325.687 
    1405	1336.906 
    1406	1365.344 
    1407	1381.750 
    1408	1373.906 
    1409	1357.281 
    1410	1342.000 
    1411	1329.594 
    1412	1325.437 
    1413	1324.062 
    1414	1324.125 
    1415	1326.406 
    1416	1325.000 
    1417	1323.562 
    1418	1333.187 
    1419	1337.719 
    1420	1383.469 
    1421	1348.250 
    1422	1328.875 
    1423	1317.719 
    1424	1313.750 
    1425	1309.375 
    1426	1322.625 
    1427	1332.531 
    1428	1326.219 
    1429	1306.500 
    1430	1290.281 
    1431	1277.000 
    1432	1267.937 
    1433	1260.906 
    1434	1254.906 
    1435	1252.562 
    1436	1251.250 
    1437	1245.750 
    1438	1244.125 
    1439	1242.312 
    1440	1278.656 
    1441	1242.437 
    1442	1210.687 
    1443	1198.156 
    1444	1193.344 
    1445	1184.156 
    1446	1188.344 
    1447	1191.656 
    1448	1178.875 
    1449	1159.875 
    1450	1143.875 
    1451	1126.969 
    1452	1111.000 
    1453	1103.969 
    1454	1095.375 
    1455	1091.281 
    1456	1086.187 
    1457	1079.312 
    1458	1072.500 
    1459	1061.375 
    1460	1086.406 
    1461	1060.531 
    1462	1039.156 
    1463	1024.500 
    1464	1014.125 
    1465	1006.031 
    1466	1002.500 
    1467	997.781  
    1468	988.469  
    1469	973.250  
    1470	955.687  
    1471	940.625  
    1472	928.375  
    1473	922.687  
    1474	920.625  
    1475	915.406  
    1476	906.719  
    1477	898.750  
    1478	898.687  
    1479	891.531  
    1480	910.625  
    1481	896.656  
    1482	882.531  
    1483	871.062  
    1484	868.812  
    1485	865.250  
    1486	866.469  
    1487	864.937  
    1488	859.031  
    1489	848.656  
    1490	837.125  
    1491	829.125  
    1492	823.625  
    1493	820.125  
    1494	818.437  
    1495	816.812  
    1496	813.500  
    1497	810.469  
    1498	813.969  
    1499	808.844  
    1500	829.187  
    1501	823.937  
    1502	819.250  
    1503	812.250  
    1504	818.969  
    1505	823.812  
    1506	832.656  
    1507	838.937  
    1508	843.437  
    1509	842.500  
    1510	841.437  
    1511	841.250  
    1512	843.594  
    1513	847.312  
    1514	852.875  
    1515	860.031  
    1516	869.875  
    1517	876.687  
    1518	891.312  
    1519	901.562  
    1520	940.719  
    1521	943.469  
    1522	948.937  
    1523	956.250  
    1524	971.906  
    1525	992.375  
    1526	1021.375 
    1527	1046.875 
    1528	1069.906 
    1529	1078.344 
    1530	1088.469 
    1531	1099.281 
    1532	1110.094 
    1533	1124.750 
    1534	1142.844 
    1535	1167.469 
    1536	1189.625 
    1537	1210.281 
    1538	1236.094 
    1539	1262.375 
    1540	1335.437 
    1541	1330.375 
    1542	1337.156 
    1543	1364.562 
    1544	1401.437 
    1545	1447.125 
    1546	1500.062 
    1547	1550.625 
    1548	1587.937 
    1549	1605.312 
    1550	1602.156 
    1551	1607.531 
    1552	1625.250 
    1553	1647.562 
    1554	1679.562 
    1555	1717.531 
    1556	1742.250 
    1557	1771.031 
    1558	1808.719 
    1559	1865.187 
    1560	1979.719 
    1561	1944.531 
    1562	1932.062 
    1563	1956.656 
    1564	1972.812 
    1565	1989.969 
    1566	2043.469 
    1567	2097.844 
    1568	2111.750 
    1569	2104.187 
    1570	2108.812 
    1571	2129.156 
    1572	2151.000 
    1573	2164.500 
    1574	2199.031 
    1575	2232.937 
    1576	2245.812 
    1577	2261.312 
    1578	2308.250 
    1579	2393.562 
    1580	2441.281 
    1581	2327.437 
    1582	2288.562 
    1583	2325.000 
    1584	2353.094 
    1585	2396.562 
    1586	2483.937 
    1587	2561.281 
    1588	2562.406 
    1589	2557.125 
    1590	2577.844 
    1591	2567.344 
    1592	2582.062 
    1593	2607.375 
    1594	2609.406 
    1595	2638.219 
    1596	2666.625 
    1597	2649.406 
    1598	2628.312 
    1599	2669.250 
    1600	2752.156 
    1601	2669.531 
    1602	2645.250 
    1603	2685.937 
    1604	2691.594 
    1605	2722.125 
    1606	2746.187 
    1607	2738.437 
    1608	2688.625 
    1609	2629.250 
    1610	2611.969 
    1611	2632.156 
    1612	2639.000 
    1613	2626.031 
    1614	2607.187 
    1615	2619.062 
    1616	2631.406 
    1617	2628.031 
    1618	2596.094 
    1619	2600.719 
    1620	2619.625 
    1621	2497.875 
    1622	2457.875 
    1623	2457.344 
    1624	2414.562 
    1625	2405.750 
    1626	2420.687 
    1627	2420.562 
    1628	2390.500 
    1629	2354.844 
    1630	2312.844 
    1631	2292.719 
    1632	2286.187 
    1633	2273.687 
    1634	2257.312 
    1635	2240.437 
    1636	2208.625 
    1637	2186.312 
    1638	2182.594 
    1639	2205.000 
    1640	2247.312 
    1641	2131.156 
    1642	2068.437 
    1643	2064.531 
    1644	2037.094 
    1645	2010.500 
    1646	2000.969 
    1647	1993.281 
    1648	1954.875 
    1649	1891.937 
    1650	1828.094 
    1651	1786.156 
    1652	1756.625 
    1653	1728.500 
    1654	1708.031 
    1655	1698.781 
    1656	1687.125 
    1657	1657.281 
    1658	1632.937 
    1659	1618.219 
    1660	1649.562 
    1661	1574.781 
    1662	1518.281 
    1663	1481.781 
    1664	1448.250 
    1665	1421.906 
    1666	1414.219 
    1667	1395.094 
    1668	1361.437 
    1669	1323.156 
    1670	1288.062 
    1671	1258.375 
    1672	1231.406 
    1673	1209.375 
    1674	1189.687 
    1675	1172.594 
    1676	1153.437 
    1677	1135.781 
    1678	1126.719 
    1679	1109.875 
    1680	1131.187 
    1681	1100.031 
    1682	1072.094 
    1683	1054.156 
    1684	1044.781 
    1685	1036.094 
    1686	1034.656 
    1687	1035.219 
    1688	1031.719 
    1689	1019.844 
    1690	1005.687 
    1691	996.500  
    1692	991.312  
    1693	994.500  
    1694	998.656  
    1695	1005.906 
    1696	1017.062 
    1697	1031.312 
    1698	1056.500 
    1699	1076.906 
    1700	1134.469 
    1701	1147.000 
    1702	1158.562 
    1703	1184.219 
    1704	1221.719 
    1705	1267.219 
    1706	1329.437 
    1707	1389.094 
    1708	1439.344 
    1709	1488.000 
    1710	1533.312 
    1711	1587.344 
    1712	1646.937 
    1713	1724.781 
    1714	1802.281 
    1715	1888.219 
    1716	1978.375 
    1717	2071.937 
    1718	2164.187 
    1719	2302.437 
    1720	2463.625 
    1721	2454.094 
    1722	2507.656 
    1723	2639.281 
    1724	2730.844 
    1725	2848.187 
    1726	2992.125 
    1727	3130.406 
    1728	3237.062 
    1729	3335.937 
    1730	3437.187 
    1731	3563.531 
    1732	3694.031 
    1733	3835.687 
    1734	3978.094 
    1735	4128.469 
    1736	4272.594 
    1737	4412.719 
    1738	4554.219 
    1739	4812.812 
    1740	4960.969 
    1741	5023.844 
    1742	5180.312 
    1743	5385.969 
    1744	5546.594 
    1745	5704.062 
    1746	5880.219 
    1747	6079.594 
    1748	6260.094 
    1749	6425.406 
    1750	6589.375 
    1751	6736.937 
    1752	6887.094 
    1753	7095.906 
    1754	7269.594 
    1755	7456.750 
    1756	7708.000 
    1757	7958.469 
    1758	8167.469 
    1759	8536.719 
    1760	8706.344 
    1761	8813.531 
    1762	9011.219 
    1763	9212.094 
    1764	9556.094 
    1765	9888.375 
    1766	10091.312
    1767	10475.219
    1768	10877.125
    1769	10912.219
    1770	11016.594
    1771	11287.875
    1772	11525.594
    1773	11602.531
    1774	11711.750
    1775	11706.875
    1776	11700.094
    1777	11831.469
    1778	12217.000
    1779	12786.031
    1780	13113.062
    1781	13383.969
    1782	13670.344
    1783	13983.094
    1784	14353.719
    1785	14983.031
    1786	15758.219
    1787	16293.781
    1788	16431.656
    1789	16319.281
    1790	16226.125
    1791	16604.312
    1792	17062.625
    1793	17307.344
    1794	17474.937
    1795	18066.625
    1796	18384.281
    1797	18494.469
    1798	18775.469
    1799	19061.000
    1800	19285.844
    1801	19322.750
    1802	19639.312
    1803	20074.375
    1804	20486.969
    1805	21222.875
    1806	21586.062
    1807	21522.531
    1808	21687.781
    1809	22035.719
    1810	22301.344
    1811	22401.094
    1812	22482.500
    1813	23032.156
    1814	23680.437
    1815	23804.312
    1816	23597.187
    1817	23510.406
    1818	23658.812
    1819	24013.469
    1820	24333.437
    1821	24641.969
    1822	25200.156
    1823	25352.812
    1824	25478.844
    1825	25714.156
    1826	25822.969
    1827	26025.187
    1828	26186.031
    1829	26555.500
    1830	27276.375
    1831	27710.375
    1832	27928.937
    1833	27962.031
    1834	27988.469
    1835	28331.187
    1836	28711.812
    1837	28670.156
    1838	28500.781
    1839	29051.344
    1840	29473.156
    1841	29296.250
    1842	29464.531
    1843	29659.156
    1844	29722.156
    1845	29794.031
    1846	29901.031
    1847	29994.500
    1848	29975.500
    1849	30068.500
    1850	30348.375
    1851	30370.437
    1852	30436.812
    1853	30628.250
    1854	31099.031
    1855	31390.594
    1856	31062.219
    1857	30929.187
    1858	30969.719
    1859	30925.031
    1860	30839.062
    1861	31086.437
    1862	31384.219
    1863	31298.687
    1864	31105.312
    1865	31031.719
    1866	31144.344
    1867	31072.687
    1868	31066.656
    1869	31455.094
    1870	31689.781
    1871	31754.437
    1872	31658.531
    1873	31264.719
    1874	30798.531
    1875	30509.719
    1876	30554.219
    1877	30610.437
    1878	30621.719
    1879	30710.875
    1880	30602.344
    1881	30490.031
    1882	30378.187
    1883	30019.187
    1884	29661.094
    1885	29399.812
    1886	29280.187
    1887	29220.531
    1888	29110.156
    1889	28999.844
    1890	28773.219
    1891	28441.219
    1892	28225.562
    1893	28365.969
    1894	28437.125
    1895	28292.875
    1896	28325.500
    1897	28388.250
    1898	28374.094
    1899	28361.875
    1900	28169.937
    1901	27892.219
    1902	27649.094
    1903	27404.437
    1904	27131.719
    1905	27053.687
    1906	27022.875
    1907	26993.187
    1908	27082.906
    1909	27097.969
    1910	26915.937
    1911	26449.125
    1912	26060.656
    1913	25922.375
    1914	25871.687
    1915	25630.156
    1916	25176.062
    1917	24958.781
    1918	24640.469
    1919	24323.656
    1920	23999.656
    1921	23613.094
    1922	23422.500
    1923	23160.562
    1924	22856.625
    1925	22637.156
    1926	22377.406
    1927	22143.031
    1928	21735.969
    1929	21634.031
    1930	21494.687
    1931	20836.812
    1932	20554.937
    1933	20783.719
    1934	20645.531
    1935	19916.344
    1936	19507.844
    1937	19585.000
    1938	19621.031
    1939	19403.156
    1940	18924.531
    1941	18208.187
    1942	17682.781
    1943	17463.344
    1944	17241.344
    1945	17132.344
    1946	16951.750
    1947	16749.750
    1948	16563.969
    1949	16173.125
    1950	15687.250
    1951	15375.437
    1952	15229.812
    1953	15246.156
    1954	15121.156
    1955	14930.625
    1956	14801.875
    1957	14373.750
    1958	13775.937
    1959	13619.094
    1960	13609.187
    1961	13376.969
    1962	12865.875
    1963	12514.344
    1964	12407.344
    1965	12052.250
    1966	11667.469
    1967	11582.937
    1968	11275.562
    1969	10932.094
    1970	10761.094
    1971	10462.219
    1972	10260.812
    1973	9941.625 
    1974	9691.031 
    1975	9503.469 
    1976	9263.000 
    1977	8999.906 
    1978	8865.500 
    1979	8827.312 
    1980	8477.062 
    1981	8072.125 
    1982	7902.687 
    1983	7871.687 
    1984	7729.687 
    1985	7569.250 
    1986	7314.219 
    1987	6999.687 
    1988	6733.594 
    1989	6494.937 
    1990	6299.281 
    1991	6104.062 
    1992	5895.062 
    1993	5764.031 
    1994	5666.125 
    1995	5557.125 
    1996	5412.781 
    1997	5286.656 
    1998	5171.875 
    1999	5147.594 
    2000	5021.906 
    2001	4748.437 
    2002	4515.562 
    2003	4332.906 
    2004	4139.031 
    2005	4072.500 
    2006	4016.531 
    2007	3845.406 
    2008	3657.719 
    2009	3541.719 
    2010	3408.719 
    2011	3252.219 
    2012	3127.625 
    2013	3030.937 
    2014	2953.687 
    2015	2874.062 
    2016	2764.156 
    2017	2645.281 
    2018	2561.031 
    2019	2521.656 
    2020	2490.312 
    2021	2304.375 
    2022	2178.687 
    2023	2121.625 
    2024	2063.125 
    2025	2016.281 
    2026	1976.969 
    2027	1931.969 
    2028	1863.906 
    2029	1775.719 
    2030	1705.000 
    2031	1641.562 
    2032	1587.094 
    2033	1543.781 
    2034	1502.000 
    2035	1460.469 
    2036	1421.094 
    2037	1378.312 
    2038	1347.187 
    2039	1324.656 
    2040	1344.719 
    2041	1285.937 
    2042	1240.531 
    2043	1211.344 
    2044	1190.969 
    2045	1173.375 
    2046	1165.812 
    2047	1158.750 
    2048	1141.062 
    2049	1118.594 
    2050	1096.062 
    2051	1079.312 
    2052	1065.812 
    2053	1055.187 
    2054	1050.187 
    2055	1048.437 
    2056	1048.437 
    2057	1045.437 
    2058	1051.344 
    2059	1051.812 
    2060	1086.906 
    2061	1074.469 
    2062	1067.437 
    2063	1069.812 
    2064	1081.406 
    2065	1092.531 
    2066	1114.656 
    2067	1134.625 
    2068	1148.187 
    2069	1153.719 
    2070	1160.969 
    2071	1171.500 
    2072	1192.906 
    2073	1216.469 
    2074	1245.500 
    2075	1272.219 
    2076	1299.781 
    2077	1326.500 
    2078	1358.406 
    2079	1394.906 
    2080	1484.312 
    2081	1485.250 
    2082	1479.031 
    2083	1499.625 
    2084	1528.437 
    2085	1560.000 
    2086	1603.344 
    2087	1648.844 
    2088	1670.406 
    2089	1685.312 
    2090	1691.594 
    2091	1707.031 
    2092	1733.500 
    2093	1766.125 
    2094	1793.062 
    2095	1829.156 
    2096	1863.406 
    2097	1886.687 
    2098	1924.281 
    2099	1973.937 
    2100	2069.969 
    2101	2016.687 
    2102	1998.156 
    2103	2037.844 
    2104	2057.937 
    2105	2093.531 
    2106	2143.250 
    2107	2178.812 
    2108	2179.937 
    2109	2188.156 
    2110	2182.625 
    2111	2179.469 
    2112	2187.312 
    2113	2221.312 
    2114	2256.344 
    2115	2283.094 
    2116	2295.750 
    2117	2296.781 
    2118	2308.625 
    2119	2367.125 
    2120	2432.531 
    2121	2337.969 
    2122	2321.031 
    2123	2365.500 
    2124	2370.500 
    2125	2400.594 
    2126	2451.219 
    2127	2474.594 
    2128	2447.187 
    2129	2401.500 
    2130	2382.125 
    2131	2388.219 
    2132	2407.281 
    2133	2417.875 
    2134	2417.469 
    2135	2406.281 
    2136	2392.656 
    2137	2383.719 
    2138	2376.344 
    2139	2433.531 
    2140	2499.344 
    2141	2399.687 
    2142	2359.031 
    2143	2375.250 
    2144	2343.625 
    2145	2309.687 
    2146	2317.750 
    2147	2326.250 
    2148	2299.281 
    2149	2258.906 
    2150	2225.437 
    2151	2206.937 
    2152	2176.594 
    2153	2162.719 
    2154	2155.812 
    2155	2141.094 
    2156	2143.469 
    2157	2136.000 
    2158	2136.812 
    2159	2173.250 
    2160	2230.437 
    2161	2119.469 
    2162	2064.062 
    2163	2049.844 
    2164	2016.031 
    2165	2000.562 
    2166	2013.687 
    2167	2016.875 
    2168	1991.187 
    2169	1961.906 
    2170	1932.156 
    2171	1904.281 
    2172	1881.969 
    2173	1872.000 
    2174	1864.437 
    2175	1854.594 
    2176	1829.750 
    2177	1806.375 
    2178	1794.000 
    2179	1797.125 
    2180	1833.000 
    2181	1755.437 
    2182	1702.000 
    2183	1686.500 
    2184	1664.406 
    2185	1653.687 
    2186	1649.250 
    2187	1635.906 
    2188	1609.594 
    2189	1570.062 
    2190	1534.656 
    2191	1508.875 
    2192	1490.312 
    2193	1475.000 
    2194	1459.687 
    2195	1437.156 
    2196	1418.687 
    2197	1400.750 
    2198	1383.344 
    2199	1370.937 
    2200	1400.750 
    2201	1351.656 
    2202	1311.156 
    2203	1290.062 
    2204	1272.906 
    2205	1257.312 
    2206	1255.656 
    2207	1247.750 
    2208	1226.062 
    2209	1198.250 
    2210	1169.719 
    2211	1145.656 
    2212	1129.031 
    2213	1113.219 
    2214	1099.687 
    2215	1084.719 
    2216	1072.344 
    2217	1056.875 
    2218	1051.687 
    2219	1039.906 
    2220	1060.844 
    2221	1034.344 
    2222	1010.250 
    2223	987.531  
    2224	975.125  
    2225	966.312  
    2226	965.531  
    2227	964.344  
    2228	956.562  
    2229	941.687  
    2230	926.875  
    2231	913.812  
    2232	905.281  
    2233	896.656  
    2234	889.406  
    2235	884.812  
    2236	879.094  
    2237	871.062  
    2238	872.750  
    2239	866.875  
    2240	884.656  
    2241	872.750  
    2242	861.625  
    2243	853.281  
    2244	852.469  
    2245	852.719  
    2246	857.344  
    2247	861.062  
    2248	858.281  
    2249	852.906  
    2250	847.250  
    2251	843.281  
    2252	838.219  
    2253	835.875  
    2254	836.156  
    2255	836.625  
    2256	836.437  
    2257	835.687  
    2258	844.781  
    2259	846.344  
    2260	872.906  
    2261	867.875  
    2262	862.594  
    2263	859.500  
    2264	865.625  
    2265	872.312  
    2266	883.625  
    2267	895.156  
    2268	900.500  
    2269	899.000  
    2270	896.562  
    2271	896.500  
    2272	899.125  
    2273	902.969  
    2274	909.719  
    2275	917.719  
    2276	922.187  
    2277	926.469  
    2278	940.562  
    2279	947.625  
    2280	982.750  
    2281	979.594  
    2282	974.437  
    2283	974.219  
    2284	981.656  
    2285	990.687  
    2286	1005.719 
    2287	1020.531 
    2288	1027.406 
    2289	1028.906 
    2290	1029.781 
    2291	1031.500 
    2292	1034.094 
    2293	1036.156 
    2294	1041.000 
    2295	1046.625 
    2296	1054.844 
    2297	1063.250 
    2298	1073.812 
    2299	1079.312 
    2300	1124.094 
    2301	1116.094 
    2302	1109.094 
    2303	1108.656 
    2304	1115.750 
    2305	1121.500 
    2306	1134.219 
    2307	1149.062 
    2308	1153.562 
    2309	1145.969 
    2310	1142.125 
    2311	1138.531 
    2312	1139.437 
    2313	1146.687 
    2314	1150.312 
    2315	1151.219 
    2316	1153.812 
    2317	1156.031 
    2318	1164.937 
    2319	1171.375 
    2320	1217.687 
    2321	1203.281 
    2322	1190.281 
    2323	1187.219 
    2324	1186.531 
    2325	1186.937 
    2326	1201.125 
    2327	1207.812 
    2328	1202.750 
    2329	1187.344 
    2330	1173.844 
    2331	1166.375 
    2332	1162.375 
    2333	1158.469 
    2334	1155.125 
    2335	1154.906 
    2336	1151.125 
    2337	1146.875 
    2338	1150.937 
    2339	1150.562 
    2340	1187.469 
    2341	1165.875 
    2342	1149.437 
    2343	1140.281 
    2344	1133.062 
    2345	1132.812 
    2346	1138.469 
    2347	1141.656 
    2348	1138.906 
    2349	1125.344 
    2350	1110.437 
    2351	1098.875 
    2352	1088.781 
    2353	1081.031 
    2354	1073.906 
    2355	1066.594 
    2356	1063.375 
    2357	1061.469 
    2358	1063.469 
    2359	1056.312 
    2360	1085.562 
    2361	1063.719 
    2362	1044.500 
    2363	1033.187 
    2364	1026.969 
    2365	1024.000 
    2366	1028.719 
    2367	1032.062 
    2368	1029.500 
    2369	1016.906 
    2370	1001.719 
    2371	984.812  
    2372	971.312  
    2373	962.625  
    2374	956.937  
    2375	951.531  
    2376	947.156  
    2377	942.812  
    2378	943.062  
    2379	934.625  
    2380	956.625  
    2381	940.219  
    2382	924.687  
    2383	911.937  
    2384	908.781  
    2385	904.875  
    2386	908.531  
    2387	909.844  
    2388	905.344  
    2389	896.406  
    2390	884.781  
    2391	873.844  
    2392	866.125  
    2393	857.812  
    2394	853.562  
    2395	849.625  
    2396	844.469  
    2397	841.344  
    2398	843.781  
    2399	838.125  
    2400	855.875  
    2401	843.687  
    2402	833.000  
    2403	822.250  
    2404	821.625  
    2405	819.781  
    2406	825.031  
    2407	827.437  
    2408	823.687  
    2409	817.031  
    2410	809.312  
    2411	801.594  
    2412	796.125  
    2413	792.219  
    2414	790.156  
    2415	789.000  
    2416	787.906  
    2417	786.906  
    2418	793.719  
    2419	787.937  
    2420	804.594  
    2421	798.781  
    2422	792.937  
    2423	786.969  
    2424	791.562  
    2425	794.125  
    2426	799.344  
    2427	804.156  
    2428	804.656  
    2429	802.719  
    2430	798.875  
    2431	795.000  
    2432	791.531  
    2433	789.906  
    2434	790.906  
    2435	792.656  
    2436	794.906  
    2437	796.656  
    2438	806.844  
    2439	804.250  
    2440	824.594  
    2441	820.000  
    2442	816.312  
    2443	812.156  
    2444	818.094  
    2445	821.187  
    2446	829.844  
    2447	836.437  
    2448	837.937  
    2449	837.875  
    2450	836.719  
    2451	835.687  
    2452	836.156  
    2453	837.187  
    2454	838.687  
    2455	839.719  
    2456	842.687  
    2457	844.812  
    2458	855.781  
    2459	855.906  
    2460	882.531  
    2461	878.344  
    2462	872.344  
    2463	869.812  
    2464	875.375  
    2465	881.656  
    2466	893.312  
    2467	903.500  
    2468	904.812  
    2469	902.625  
    2470	898.062  
    2471	896.469  
    2472	897.625  
    2473	900.781  
    2474	904.375  
    2475	907.375  
    2476	910.687  
    2477	911.344  
    2478	918.719  
    2479	917.719  
    2480	948.437  
    2481	943.094  
    2482	937.375  
    2483	934.875  
    2484	941.375  
    2485	944.594  
    2486	957.000  
    2487	968.219  
    2488	972.750  
    2489	969.656  
    2490	966.187  
    2491	963.719  
    2492	960.312  
    2493	958.375  
    2494	958.437  
    2495	963.844  
    2496	967.281  
    2497	968.500  
    2498	978.719  
    2499	979.469  
    2500	1014.906 
    2501	1007.219 
    2502	995.656  
    2503	993.906  
    2504	996.250  
    2505	999.500  
    2506	1008.906 
    2507	1015.000 
    2508	1017.375 
    2509	1009.875 
    2510	998.437  
    2511	992.406  
    2512	987.812  
    2513	984.687  
    2514	986.500  
    2515	985.844  
    2516	988.781  
    2517	989.031  
    2518	994.750  
    2519	992.437  
    2520	1020.031 
    2521	1007.156 
    2522	993.656  
    2523	984.156  
    2524	987.969  
    2525	987.750  
    2526	995.969  
    2527	998.031  
    2528	992.937  
    2529	984.562  
    2530	974.125  
    2531	965.125  
    2532	956.594  
    2533	952.719  
    2534	947.781  
    2535	946.531  
    2536	944.375  
    2537	940.906  
    2538	943.344  
    2539	938.625  
    2540	962.937  
    2541	947.156  
    2542	934.625  
    2543	923.719  
    2544	921.219  
    2545	919.844  
    2546	925.562  
    2547	926.812  
    2548	922.781  
    2549	913.906  
    2550	903.875  
    2551	893.156  
    2552	884.812  
    2553	880.437  
    2554	878.875  
    2555	878.125  
    2556	875.937  
    2557	872.781  
    2558	874.219  
    2559	867.875  
    2560	888.625  
    2561	875.969  
    2562	863.219  
    2563	851.406  
    2564	849.656  
    2565	846.750  
    2566	851.312  
    2567	852.250  
    2568	850.219  
    2569	841.531  
    2570	831.812  
    2571	825.406  
    2572	819.344  
    2573	813.031  
    2574	809.406  
    2575	806.187  
    2576	804.625  
    2577	802.125  
    2578	805.344  
    2579	800.750  
    2580	817.844  
    2581	808.437  
    2582	800.312  
    2583	791.531  
    2584	793.469  
    2585	793.687  
    2586	796.719  
    2587	798.219  
    2588	795.312  
    2589	788.687  
    2590	781.531  
    2591	776.000  
    2592	769.625  
    2593	765.625  
    2594	764.781  
    2595	764.062  
    2596	764.750  
    2597	763.406  
    2598	769.562  
    2599	764.406  
    2600	780.375  
    2601	775.937  
    2602	770.594  
    2603	764.844  
    2604	767.937  
    2605	770.031  
    2606	774.750  
    2607	778.375  
    2608	777.844  
    2609	774.562  
    2610	769.375  
    2611	765.031  
    2612	761.500  
    2613	759.594  
    2614	760.875  
    2615	761.906  
    2616	763.125  
    2617	761.594  
    2618	768.156  
    2619	765.031  
    2620	784.000  
    2621	778.594  
    2622	772.906  
    2623	768.906  
    2624	773.656  
    2625	778.375  
    2626	786.531  
    2627	792.156  
    2628	793.937  
    2629	792.500  
    2630	790.312  
    2631	787.594  
    2632	785.531  
    2633	785.906  
    2634	787.937  
    2635	790.406  
    2636	792.562  
    2637	795.031  
    2638	805.844  
    2639	805.062  
    2640	826.250  
    2641	822.719  
    2642	818.937  
    2643	816.344  
    2644	823.406  
    2645	829.344  
    2646	838.562  
    2647	845.719  
    2648	849.281  
    2649	848.750  
    2650	847.000  
    2651	846.125  
    2652	846.344  
    2653	846.031  
    2654	849.219  
    2655	852.031  
    2656	856.219  
    2657	859.031  
    2658	868.250  
    2659	869.062  
    2660	894.937  
    2661	890.031  
    2662	883.906  
    2663	878.469  
    2664	885.687  
    2665	890.781  
    2666	900.156  
    2667	908.562  
    2668	912.156  
    2669	908.406  
    2670	904.437  
    2671	901.719  
    2672	900.031  
    2673	901.250  
    2674	903.219  
    2675	905.656  
    2676	906.906  
    2677	904.094  
    2678	911.406  
    2679	910.000  
    2680	938.219  
    2681	931.531  
    2682	924.937  
    2683	923.500  
    2684	929.812  
    2685	931.031  
    2686	937.437  
    2687	941.625  
    2688	944.000  
    2689	941.812  
    2690	936.531  
    2691	931.750  
    2692	927.844  
    2693	926.937  
    2694	926.000  
    2695	926.812  
    2696	927.594  
    2697	925.875  
    2698	934.219  
    2699	930.719  
    2700	958.031  
    2701	946.219  
    2702	938.344  
    2703	932.500  
    2704	936.062  
    2705	937.656  
    2706	946.187  
    2707	950.562  
    2708	948.594  
    2709	937.625  
    2710	925.687  
    2711	917.000  
    2712	911.500  
    2713	908.594  
    2714	907.937  
    2715	906.312  
    2716	905.125  
    2717	902.625  
    2718	905.812  
    2719	900.687  
    2720	925.156  
    2721	912.781  
    2722	902.875  
    2723	896.969  
    2724	897.844  
    2725	896.375  
    2726	901.406  
    2727	905.062  
    2728	903.031  
    2729	897.187  
    2730	887.812  
    2731	879.031  
    2732	873.312  
    2733	867.687  
    2734	865.094  
    2735	863.937  
    2736	861.531  
    2737	859.344  
    2738	862.844  
    2739	857.562  
    2740	879.312  
    2741	868.594  
    2742	858.875  
    2743	850.406  
    2744	851.406  
    2745	851.125  
    2746	855.281  
    2747	858.594  
    2748	854.781  
    2749	846.125  
    2750	836.312  
    2751	830.187  
    2752	824.594  
    2753	820.781  
    2754	819.312  
    2755	816.344  
    2756	812.594  
    2757	809.719  
    2758	813.312  
    2759	807.469  
    2760	824.937  
    2761	815.719  
    2762	808.250  
    2763	799.156  
    2764	799.937  
    2765	799.500  
    2766	803.062  
    2767	803.937  
    2768	801.562  
    2769	795.406  
    2770	788.344  
    2771	781.187  
    2772	776.469  
    2773	773.500  
    2774	772.062  
    2775	769.781  
    2776	768.375  
    2777	766.531  
    2778	771.219  
    2779	765.125  
    2780	781.250  
    2781	774.437  
    2782	767.406  
    2783	759.594  
    2784	760.875  
    2785	761.375  
    2786	764.844  
    2787	768.000  
    2788	767.656  
    2789	762.906  
    2790	757.906  
    2791	752.469  
    2792	749.937  
    2793	747.906  
    2794	747.844  
    2795	746.406  
    2796	745.156  
    2797	744.094  
    2798	750.750  
    2799	745.844  
    2800	761.500  
    2801	756.344  
    2802	751.031  
    2803	746.344  
    2804	749.906  
    2805	752.719  
    2806	758.781  
    2807	761.344  
    2808	760.687  
    2809	757.125  
    2810	753.375  
    2811	749.094  
    2812	747.937  
    2813	746.969  
    2814	746.594  
    2815	747.062  
    2816	747.750  
    2817	747.656  
    2818	754.625  
    2819	751.812  
    2820	768.031  
    2821	763.312  
    2822	758.375  
    2823	754.000  
    2824	758.687  
    2825	763.562  
    2826	771.031  
    2827	775.906  
    2828	777.750  
    2829	776.000  
    2830	773.406  
    2831	770.469  
    2832	769.187  
    2833	769.031  
    2834	770.156  
    2835	771.250  
    2836	771.937  
    2837	771.781  
    2838	779.750  
    2839	777.125  
    2840	795.812  
    2841	791.687  
    2842	785.625  
    2843	781.156  
    2844	786.500  
    2845	790.906  
    2846	798.531  
    2847	804.469  
    2848	806.531  
    2849	805.281  
    2850	802.562  
    2851	798.062  
    2852	796.906  
    2853	797.344  
    2854	796.937  
    2855	797.125  
    2856	798.031  
    2857	798.250  
    2858	805.906  
    2859	805.594  
    2860	826.750  
    2861	822.875  
    2862	817.594  
    2863	814.562  
    2864	818.844  
    2865	821.719  
    2866	829.844  
    2867	834.062  
    2868	833.437  
    2869	829.656  
    2870	826.187  
    2871	821.562  
    2872	820.000  
    2873	818.281  
    2874	817.875  
    2875	819.156  
    2876	819.500  
    2877	818.250  
    2878	825.000  
    2879	821.562  
    2880	842.187  
    2881	835.594  
    2882	829.219  
    2883	824.219  
    2884	827.437  
    2885	829.844  
    2886	837.469  
    2887	842.562  
    2888	842.000  
    2889	837.062  
    2890	831.625  
    2891	825.750  
    2892	822.437  
    2893	820.469  
    2894	818.594  
    2895	817.062  
    2896	816.625  
    2897	815.906  
    2898	822.437  
    2899	819.250  
    2900	837.437  
    2901	829.125  
    2902	822.469  
    2903	815.062  
    2904	816.344  
    2905	818.187  
    2906	823.969  
    2907	827.000  
    2908	825.375  
    2909	819.094  
    2910	811.750  
    2911	806.156  
    2912	803.406  
    2913	800.000  
    2914	798.844  
    2915	797.344  
    2916	796.875  
    2917	794.062  
    2918	799.375  
    2919	793.781  
    2920	811.031  
    2921	805.969  
    2922	798.937  
    2923	791.844  
    2924	793.437  
    2925	794.031  
    2926	798.656  
    2927	801.531  
    2928	799.719  
    2929	793.562  
    2930	786.031  
    2931	782.125  
    2932	778.656  
    2933	775.969  
    2934	772.656  
    2935	772.062  
    2936	772.375  
    2937	771.344  
    2938	778.250  
    2939	772.125  
    2940	785.969  
    2941	779.562  
    2942	772.469  
    2943	764.969  
    2944	767.031  
    2945	768.812  
    2946	774.094  
    2947	775.062  
    2948	773.062  
    2949	768.969  
    2950	761.812  
    2951	756.594  
    2952	753.906  
    2953	751.000  
    2954	749.062  
    2955	748.094  
    2956	747.687  
    2957	746.062  
    2958	752.875  
    2959	749.000  
    2960	764.062  
    2961	758.406  
    2962	752.844  
    2963	747.375  
    2964	749.625  
    2965	751.500  
    2966	756.812  
    2967	760.031  
    2968	758.531  
    2969	754.812  
    2970	750.500  
    2971	745.156  
    2972	741.781  
    2973	740.187  
    2974	739.781  
    2975	738.750  
    2976	738.531  
    2977	737.656  
    2978	743.469  
    2979	738.812  
    2980	754.812  
    2981	750.344  
    2982	745.812  
    2983	738.906  
    2984	740.781  
    2985	743.562  
    2986	748.906  
    2987	751.437  
    2988	752.281  
    2989	749.250  
    2990	746.000  
    2991	742.562  
    2992	740.094  
    2993	738.844  
    2994	737.594  
    2995	737.406  
    2996	738.000  
    2997	737.969  
    2998	745.187  
    2999	742.062  
    3000	757.781  
    3001	753.031  
    3002	748.469  
    3003	743.375  
    3004	747.781  
    3005	751.719  
    3006	758.156  
    3007	762.969  
    3008	762.687  
    3009	759.594  
    3010	755.594  
    3011	752.844  
    3012	750.437  
    3013	749.531  
    3014	750.531  
    3015	751.156  
    3016	751.750  
    3017	751.687  
    3018	757.875  
    3019	754.437  
    3020	770.531  
    3021	766.781  
    3022	762.844  
    3023	758.406  
    3024	762.500  
    3025	765.094  
    3026	770.969  
    3027	775.187  
    3028	775.281  
    3029	772.906  
    3030	768.125  
    3031	764.219  
    3032	761.781  
    3033	760.562  
    3034	761.719  
    3035	762.312  
    3036	762.937  
    3037	763.844  
    3038	771.687  
    3039	769.781  
    3040	787.500  
    3041	783.719  
    3042	778.625  
    3043	775.094  
    3044	779.406  
    3045	782.219  
    3046	789.969  
    3047	795.156  
    3048	794.969  
    3049	791.375  
    3050	785.969  
    3051	781.219  
    3052	778.281  
    3053	777.812  
    3054	778.344  
    3055	777.187  
    3056	777.594  
    3057	777.000  
    3058	784.312  
    3059	780.187  
    3060	796.906  
    3061	791.062  
    3062	785.469  
    3063	780.406  
    3064	783.406  
    3065	785.687  
    3066	791.219  
    3067	794.125  
    3068	792.781  
    3069	788.094  
    3070	783.562  
    3071	780.719  
    3072	777.469  
    3073	777.906  
    3074	778.906  
    3075	779.812  
    3076	779.500  
    3077	778.500  
    3078	783.812  
    3079	781.094  
    3080	797.781  
    3081	790.969  
    3082	785.031  
    3083	779.719  
    3084	781.594  
    3085	783.312  
    3086	789.250  
    3087	791.156  
    3088	789.719  
    3089	786.125  
    3090	780.406  
    3091	775.094  
    3092	771.094  
    3093	768.656  
    3094	767.312  
    3095	767.500  
    3096	767.156  
    3097	767.406  
    3098	773.844  
    3099	768.719  
    3100	785.031  
    3101	779.750  
    3102	772.625  
    3103	766.875  
    3104	769.937  
    3105	771.500  
    3106	775.812  
    3107	778.031  
    3108	777.812  
    3109	773.125  
    3110	767.656  
    3111	761.844  
    3112	757.531  
    3113	754.906  
    3114	752.875  
    3115	752.062  
    3116	752.187  
    3117	750.531  
    3118	755.969  
    3119	752.219  
    3120	767.250  
    3121	761.875  
    3122	756.187  
    3123	750.937  
    3124	753.219  
    3125	754.125  
    3126	757.875  
    3127	760.437  
    3128	759.656  
    3129	755.219  
    3130	748.469  
    3131	743.250  
    3132	739.844  
    3133	738.812  
    3134	738.219  
    3135	737.844  
    3136	737.062  
    3137	735.219  
    3138	741.062  
    3139	735.906  
    3140	749.594  
    3141	743.781  
    3142	738.469  
    3143	732.844  
    3144	735.937  
    3145	739.875  
    3146	744.906  
    3147	747.656  
    3148	748.156  
    3149	744.375  
    3150	739.781  
    3151	735.656  
    3152	733.094  
    3153	731.469  
    3154	730.187  
    3155	730.000  
    3156	731.469  
    3157	730.187  
    3158	735.406  
    3159	730.312  
    3160	744.500  
    3161	739.531  
    3162	733.719  
    3163	727.906  
    3164	730.750  
    3165	732.844  
    3166	739.062  
    3167	742.469  
    3168	743.281  
    3169	738.625  
    3170	734.312  
    3171	730.906  
    3172	727.781  
    3173	726.906  
    3174	726.594  
    3175	726.969  
    3176	728.344  
    3177	728.437  
    3178	735.437  
    3179	730.812  
    3180	744.906  
    3181	740.594  
    3182	736.906  
    3183	732.094  
    3184	736.312  
    3185	740.250  
    3186	745.312  
    3187	749.562  
    3188	750.625  
    3189	747.500  
    3190	742.719  
    3191	739.031  
    3192	736.469  
    3193	736.531  
    3194	737.437  
    3195	738.687  
    3196	740.437  
    3197	741.250  
    3198	747.562  
    3199	742.844  
    3200	758.469  
    3201	753.781  
    3202	749.937  
    3203	746.437  
    3204	749.562  
    3205	752.906  
    3206	758.906  
    3207	762.344  
    3208	763.625  
    3209	760.562  
    3210	756.531  
    3211	752.969  
    3212	750.219  
    3213	747.906  
    3214	749.094  
    3215	750.375  
    3216	751.656  
    3217	752.375  
    3218	758.812  
    3219	755.250  
    3220	770.812  
    3221	765.812  
    3222	761.250  
    3223	757.156  
    3224	760.094  
    3225	762.719  
    3226	767.969  
    3227	771.375  
    3228	772.469  
    3229	768.844  
    3230	763.781  
    3231	759.250  
    3232	757.156  
    3233	756.406  
    3234	757.437  
    3235	757.094  
    3236	757.562  
    3237	756.750  
    3238	763.000  
    3239	759.562  
    3240	776.156  
    3241	771.312  
    3242	765.969  
    3243	760.937  
    3244	765.656  
    3245	768.062  
    3246	772.594  
    3247	776.094  
    3248	775.437  
    3249	770.844  
    3250	765.656  
    3251	760.781  
    3252	757.781  
    3253	755.062  
    3254	755.594  
    3255	756.594  
    3256	757.812  
    3257	756.875  
    3258	763.062  
    3259	759.375  
    3260	775.812  
    3261	771.312  
    3262	765.375  
    3263	758.844  
    3264	760.750  
    3265	761.906  
    3266	766.250  
    3267	770.344  
    3268	770.906  
    3269	766.125  
    3270	761.687  
    3271	759.375  
    3272	756.875  
    3273	755.156  
    3274	754.812  
    3275	753.250  
    3276	752.906  
    3277	752.125  
    3278	758.531  
    3279	753.312  
    3280	769.531  
    3281	766.000  
    3282	760.531  
    3283	754.469  
    3284	756.937  
    3285	758.000  
    3286	763.312  
    3287	767.750  
    3288	767.437  
    3289	763.687  
    3290	757.687  
    3291	752.969  
    3292	749.812  
    3293	747.781  
    3294	746.469  
    3295	747.094  
    3296	747.281  
    3297	745.125  
    3298	751.406  
    3299	747.156  
    3300	761.875  
    3301	756.094  
    3302	750.469  
    3303	744.469  
    3304	747.812  
    3305	749.594  
    3306	753.844  
    3307	756.062  
    3308	755.844  
    3309	751.437  
    3310	745.906  
    3311	741.281  
    3312	737.687  
    3313	735.937  
    3314	734.625  
    3315	733.375  
    3316	732.125  
    3317	730.187  
    3318	736.656  
    3319	733.531  
    3320	748.219  
    3321	744.094  
    3322	739.281  
    3323	733.187  
    3324	736.250  
    3325	738.812  
    3326	744.375  
    3327	747.344  
    3328	747.125  
    3329	742.344  
    3330	738.656  
    3331	735.219  
    3332	731.250  
    3333	728.156  
    3334	728.562  
    3335	728.094  
    3336	727.687  
    3337	726.000  
    3338	732.656  
    3339	728.375  
    3340	742.625  
    3341	738.844  
    3342	735.437  
    3343	729.656  
    3344	733.469  
    3345	736.875  
    3346	742.344  
    3347	745.219  
    3348	744.781  
    3349	741.219  
    3350	737.031  
    3351	732.219  
    3352	729.344  
    3353	727.375  
    3354	729.031  
    3355	730.125  
    3356	730.656  
    3357	731.000  
    3358	738.125  
    3359	734.812  
    3360	749.312  
    3361	744.844  
    3362	739.406  
    3363	734.625  
    3364	738.219  
    3365	740.750  
    3366	746.500  
    3367	751.031  
    3368	751.437  
    3369	747.344  
    3370	741.500  
    3371	738.219  
    3372	736.312  
    3373	735.469  
    3374	735.875  
    3375	736.531  
    3376	737.094  
    3377	736.031  
    3378	742.531  
    3379	739.094  
    3380	754.781  
    3381	751.437  
    3382	747.437  
    3383	741.781  
    3384	745.531  
    3385	749.437  
    3386	754.656  
    3387	757.500  
    3388	758.375  
    3389	755.094  
    3390	751.812  
    3391	747.969  
    3392	746.156  
    3393	744.062  
    3394	743.500  
    3395	743.844  
    3396	744.375  
    3397	742.937  
    3398	749.594  
    3399	746.375  
    3400	762.781  
    3401	759.062  
    3402	753.531  
    3403	748.406  
    3404	751.531  
    3405	754.594  
    3406	761.437  
    3407	765.031  
    3408	765.906  
    3409	763.219  
    3410	758.562  
    3411	754.250  
    3412	751.656  
    3413	749.844  
    3414	749.781  
    3415	749.625  
    3416	749.219  
    3417	748.375  
    3418	755.625  
    3419	751.937  
    3420	767.969  
    3421	763.062  
    3422	758.406  
    3423	753.312  
    3424	756.594  
    3425	759.344  
    3426	766.000  
    3427	771.156  
    3428	770.844  
    3429	766.875  
    3430	761.594  
    3431	757.312  
    3432	755.219  
    3433	753.781  
    3434	753.750  
    3435	753.500  
    3436	753.156  
    3437	753.281  
    3438	759.187  
    3439	755.687  
    3440	770.875  
    3441	765.812  
    3442	760.312  
    3443	753.000  
    3444	756.531  
    3445	758.594  
    3446	763.312  
    3447	765.937  
    3448	765.156  
    3449	760.656  
    3450	755.844  
    3451	751.812  
    3452	750.344  
    3453	749.281  
    3454	750.094  
    3455	749.844  
    3456	749.187  
    3457	747.687  
    3458	753.906  
    3459	749.156  
    3460	762.875  
    3461	757.094  
    3462	751.656  
    3463	746.156  
    3464	749.656  
    3465	751.312  
    3466	756.406  
    3467	759.531  
    3468	758.937  
    3469	754.875  
    3470	750.156  
    3471	744.406  
    3472	741.219  
    3473	738.969  
    3474	739.219  
    3475	739.781  
    3476	739.031  
    3477	737.969  
    3478	743.781  
    3479	739.656  
    3480	753.531  
    3481	747.969  
    3482	743.125  
    3483	736.219  
    3484	738.906  
    3485	741.312  
    3486	746.469  
    3487	749.187  
    3488	747.937  
    3489	743.906  
    3490	739.531  
    3491	735.281  
    3492	732.812  
    3493	731.531  
    3494	731.469  
    3495	730.625  
    3496	729.000  
    3497	727.062  
    3498	733.531  
    3499	729.187  
    3500	742.437  
    3501	738.187  
    3502	732.687  
    3503	726.937  
    3504	731.062  
    3505	734.000  
    3506	738.469  
    3507	743.375  
    3508	741.969  
    3509	736.750  
    3510	732.156  
    3511	727.906  
    3512	726.156  
    3513	724.156  
    3514	722.406  
    3515	722.719  
    3516	722.531  
    3517	721.969  
    3518	730.000  
    3519	725.969  
    3520	739.656  
    3521	736.406  
    3522	731.687  
    3523	726.156  
    3524	729.406  
    3525	731.937  
    3526	736.000  
    3527	738.250  
    3528	738.812  
    3529	736.594  
    3530	733.187  
    3531	728.656  
    3532	725.687  
    3533	724.875  
    3534	724.312  
    3535	723.656  
    3536	723.625  
    3537	723.312  
    3538	729.969  
    3539	725.844  
    3540	739.500  
    3541	735.719  
    3542	731.937  
    3543	725.906  
    3544	730.344  
    3545	733.906  
    3546	739.531  
    3547	742.687  
    3548	743.000  
    3549	739.031  
    3550	735.437  
    3551	732.125  
    3552	729.656  
    3553	729.062  
    3554	729.219  
    3555	729.187  
    3556	729.125  
    3557	728.187  
    3558	736.406  
    3559	733.312  
    3560	748.375  
    3561	743.531  
    3562	738.594  
    3563	732.719  
    3564	735.906  
    3565	738.875  
    3566	745.000  
    3567	749.375  
    3568	750.531  
    3569	748.062  
    3570	743.875  
    3571	739.437  
    3572	736.312  
    3573	734.531  
    3574	733.469  
    3575	733.500  
    3576	732.719  
    3577	731.000  
    3578	737.594  
    3579	733.312  
    3580	748.625  
    3581	744.406  
    3582	739.187  
    3583	733.187  
    3584	736.375  
    3585	738.937  
    3586	745.156  
    3587	749.719  
    3588	750.844  
    3589	748.375  
    3590	744.219  
    3591	739.875  
    3592	737.000  
    3593	736.031  
    3594	735.844  
    3595	735.500  
    3596	734.781  
    3597	734.500  
    3598	742.156  
    3599	737.812  
    3600	754.312  
    3601	750.594  
    3602	746.562  
    3603	740.500  
    3604	742.187  
    3605	745.500  
    3606	751.125  
    3607	754.719  
    3608	754.875  
    3609	752.375  
    3610	749.187  
    3611	745.312  
    3612	743.094  
    3613	740.094  
    3614	739.625  
    3615	739.656  
    3616	739.844  
    3617	739.250  
    3618	746.219  
    3619	743.156  
    3620	758.719  
    3621	753.000  
    3622	747.781  
    3623	742.094  
    3624	745.156  
    3625	747.687  
    3626	753.156  
    3627	755.375  
    3628	755.312  
    3629	751.500  
    3630	748.406  
    3631	743.437  
    3632	740.094  
    3633	738.187  
    3634	737.906  
    3635	736.937  
    3636	737.531  
    3637	736.094  
    3638	742.094  
    3639	736.594  
    3640	750.719  
    3641	745.937  
    3642	740.469  
    3643	734.250  
    3644	737.000  
    3645	739.250  
    3646	743.719  
    3647	748.031  
#  ***END
