#  JIO#
#  Name of dataset:	
#  Generating program:	Fresn-Main-AD2-v1.vi
#  Saved on file:	17-6-2025	14:03
#  Total number of sections:	1
#  ***SECTION	Dataset
#  *FREE
#  Model: CCD-S3600-D(-UV)
#  Hardware Revision: A1.00
#  Firmware Revision: A1.10
#  Serial Number:   015035288C33EBB5
#  type apertuur:
#  *PARA
#  n			aantal spleten 
#  a		mm	afstand tussen spleten 
#  b		mm	breedte spleten
#  l		m	Golflengte 
#  d	0	m	afstand puntbron tot apertuur
#  lB		m	afstand bronlens tot apertuur
#  fB		m	brandpuntsafstand bronlens
#  s	0	m	afstand apertuur tot scherm 
#  lS	 	m	afstand  apertuur tot schermlens 
#  fS		m	brandpuntsafstand schermlens 
#  p	8	um	Sensor Pixel Pitch
#  U	2.30	V	Voltage_Laserdiode
#  T	20	us	Integration Time
#  n	32		Scans per Acquisition
#  HwC	Off		Hardware Dark Correction
#  *DATA	3648	rows	2	columns
#  Index   	Averages
       0	490.844  
       1	507.437  
       2	523.281  
       3	534.562  
       4	553.406  
       5	569.594  
       6	588.125  
       7	602.062  
       8	611.094  
       9	616.156  
      10	619.469  
      11	622.250  
      12	626.750  
      13	630.687  
      14	635.250  
      15	640.000  
      16	644.812  
      17	647.281  
      18	657.437  
      19	654.875  
      20	668.187  
      21	669.062  
      22	668.031  
      23	665.094  
      24	670.406  
      25	675.031  
      26	680.344  
      27	684.625  
      28	687.312  
      29	686.219  
      30	684.250  
      31	682.344  
      32	680.562  
      33	679.750  
      34	679.906  
      35	680.406  
      36	681.281  
      37	681.031  
      38	688.031  
      39	684.344  
      40	695.719  
      41	693.875  
      42	689.844  
      43	683.812  
      44	687.031  
      45	690.375  
      46	694.844  
      47	698.500  
      48	698.875  
      49	696.000  
      50	692.281  
      51	689.906  
      52	688.719  
      53	687.156  
      54	687.844  
      55	688.187  
      56	688.344  
      57	688.031  
      58	694.625  
      59	690.187  
      60	701.406  
      61	698.375  
      62	693.719  
      63	688.187  
      64	690.406  
      65	693.094  
      66	697.750  
      67	700.344  
      68	700.469  
      69	697.312  
      70	692.969  
      71	690.844  
      72	688.812  
      73	688.062  
      74	688.469  
      75	688.000  
      76	689.406  
      77	688.500  
      78	695.812  
      79	692.625  
      80	705.844  
      81	702.875  
      82	698.906  
      83	694.094  
      84	697.531  
      85	700.719  
      86	705.562  
      87	709.156  
      88	710.437  
      89	708.562  
      90	705.000  
      91	702.312  
      92	701.000  
      93	701.312  
      94	701.250  
      95	701.094  
      96	701.219  
      97	700.906  
      98	707.781  
      99	704.125  
     100	717.625  
     101	714.187  
     102	710.875  
     103	705.375  
     104	708.937  
     105	711.156  
     106	717.000  
     107	720.031  
     108	720.000  
     109	718.250  
     110	715.125  
     111	712.406  
     112	710.469  
     113	709.437  
     114	709.500  
     115	709.750  
     116	708.937  
     117	707.687  
     118	714.281  
     119	710.906  
     120	723.719  
     121	719.156  
     122	714.719  
     123	709.406  
     124	712.187  
     125	713.875  
     126	718.562  
     127	720.500  
     128	719.500  
     129	714.937  
     130	711.344  
     131	707.344  
     132	704.750  
     133	703.094  
     134	703.250  
     135	702.687  
     136	700.844  
     137	698.750  
     138	704.469  
     139	700.031  
     140	712.125  
     141	708.594  
     142	703.875  
     143	696.937  
     144	699.469  
     145	701.437  
     146	705.406  
     147	707.500  
     148	708.094  
     149	703.719  
     150	699.000  
     151	695.219  
     152	692.344  
     153	690.594  
     154	690.375  
     155	689.812  
     156	689.687  
     157	688.625  
     158	694.187  
     159	690.750  
     160	701.937  
     161	697.781  
     162	693.344  
     163	686.781  
     164	690.344  
     165	692.687  
     166	697.844  
     167	700.562  
     168	699.437  
     169	697.344  
     170	694.781  
     171	691.906  
     172	690.594  
     173	690.812  
     174	690.437  
     175	689.406  
     176	690.031  
     177	690.969  
     178	697.625  
     179	693.375  
     180	705.844  
     181	702.437  
     182	698.312  
     183	693.812  
     184	698.312  
     185	702.406  
     186	708.156  
     187	711.500  
     188	712.406  
     189	709.594  
     190	707.344  
     191	704.437  
     192	702.781  
     193	701.312  
     194	700.875  
     195	701.031  
     196	701.156  
     197	701.094  
     198	708.656  
     199	705.594  
     200	719.937  
     201	717.594  
     202	713.437  
     203	707.750  
     204	710.969  
     205	713.781  
     206	719.719  
     207	722.906  
     208	722.844  
     209	720.469  
     210	718.250  
     211	715.469  
     212	713.750  
     213	714.156  
     214	714.719  
     215	714.406  
     216	714.156  
     217	713.750  
     218	720.937  
     219	716.469  
     220	730.687  
     221	726.625  
     222	722.031  
     223	716.469  
     224	719.875  
     225	722.031  
     226	726.437  
     227	730.562  
     228	731.469  
     229	728.906  
     230	724.125  
     231	720.625  
     232	718.250  
     233	716.469  
     234	715.156  
     235	715.687  
     236	714.312  
     237	712.344  
     238	719.281  
     239	714.312  
     240	725.750  
     241	721.156  
     242	715.875  
     243	708.750  
     244	710.969  
     245	711.687  
     246	715.437  
     247	717.531  
     248	716.437  
     249	712.844  
     250	709.000  
     251	705.219  
     252	701.906  
     253	700.281  
     254	699.719  
     255	699.156  
     256	698.250  
     257	696.531  
     258	702.812  
     259	697.562  
     260	708.906  
     261	705.125  
     262	700.500  
     263	694.250  
     264	695.937  
     265	698.469  
     266	702.906  
     267	706.125  
     268	706.437  
     269	703.812  
     270	699.094  
     271	694.750  
     272	692.187  
     273	690.062  
     274	690.250  
     275	690.000  
     276	689.750  
     277	689.500  
     278	696.094  
     279	691.875  
     280	704.437  
     281	701.687  
     282	698.406  
     283	693.062  
     284	696.625  
     285	699.250  
     286	704.281  
     287	707.594  
     288	708.375  
     289	705.937  
     290	702.469  
     291	699.219  
     292	697.531  
     293	697.562  
     294	699.125  
     295	701.062  
     296	701.656  
     297	702.812  
     298	709.406  
     299	706.250  
     300	720.500  
     301	717.281  
     302	713.094  
     303	709.156  
     304	713.531  
     305	717.094  
     306	723.437  
     307	728.031  
     308	729.000  
     309	727.125  
     310	723.750  
     311	721.031  
     312	718.781  
     313	718.031  
     314	719.281  
     315	719.906  
     316	720.375  
     317	720.531  
     318	727.094  
     319	723.500  
     320	737.062  
     321	733.281  
     322	728.750  
     323	722.062  
     324	726.281  
     325	729.187  
     326	735.562  
     327	738.031  
     328	737.937  
     329	734.937  
     330	730.375  
     331	725.375  
     332	723.531  
     333	721.687  
     334	720.719  
     335	719.687  
     336	720.250  
     337	717.687  
     338	724.125  
     339	719.625  
     340	732.906  
     341	729.031  
     342	724.094  
     343	717.469  
     344	721.094  
     345	722.906  
     346	727.375  
     347	729.344  
     348	728.437  
     349	725.062  
     350	719.625  
     351	715.156  
     352	712.656  
     353	710.406  
     354	708.094  
     355	706.625  
     356	705.875  
     357	704.969  
     358	711.187  
     359	706.625  
     360	718.406  
     361	713.344  
     362	707.969  
     363	701.750  
     364	704.344  
     365	706.031  
     366	710.719  
     367	712.937  
     368	712.250  
     369	709.000  
     370	703.844  
     371	700.281  
     372	698.250  
     373	696.750  
     374	696.187  
     375	695.625  
     376	695.094  
     377	694.750  
     378	701.156  
     379	697.125  
     380	709.156  
     381	704.937  
     382	700.656  
     383	695.344  
     384	698.906  
     385	701.500  
     386	706.219  
     387	709.906  
     388	709.594  
     389	707.875  
     390	704.781  
     391	702.281  
     392	700.312  
     393	699.844  
     394	700.469  
     395	700.625  
     396	701.656  
     397	701.687  
     398	708.812  
     399	705.844  
     400	720.000  
     401	716.406  
     402	712.687  
     403	708.094  
     404	713.187  
     405	716.031  
     406	721.594  
     407	725.312  
     408	726.469  
     409	723.500  
     410	721.906  
     411	719.531  
     412	718.625  
     413	718.875  
     414	718.937  
     415	720.719  
     416	722.812  
     417	722.406  
     418	730.594  
     419	727.750  
     420	743.094  
     421	738.875  
     422	735.750  
     423	731.437  
     424	734.844  
     425	738.031  
     426	743.750  
     427	747.031  
     428	747.219  
     429	744.469  
     430	742.250  
     431	739.000  
     432	737.687  
     433	736.531  
     434	737.250  
     435	737.500  
     436	737.469  
     437	735.937  
     438	742.156  
     439	738.187  
     440	751.906  
     441	746.656  
     442	740.031  
     443	734.125  
     444	736.031  
     445	737.250  
     446	743.250  
     447	746.750  
     448	746.312  
     449	743.437  
     450	737.969  
     451	733.000  
     452	729.375  
     453	727.719  
     454	726.875  
     455	726.969  
     456	726.125  
     457	726.250  
     458	732.219  
     459	726.625  
     460	740.562  
     461	734.781  
     462	729.125  
     463	721.719  
     464	723.281  
     465	725.094  
     466	729.250  
     467	731.437  
     468	730.406  
     469	726.250  
     470	720.875  
     471	715.219  
     472	711.625  
     473	709.406  
     474	708.406  
     475	707.812  
     476	707.094  
     477	704.719  
     478	710.750  
     479	706.312  
     480	719.031  
     481	716.750  
     482	713.187  
     483	706.969  
     484	709.094  
     485	709.656  
     486	714.437  
     487	717.562  
     488	717.969  
     489	715.594  
     490	711.969  
     491	707.656  
     492	704.562  
     493	703.594  
     494	703.906  
     495	703.594  
     496	705.875  
     497	706.875  
     498	715.031  
     499	711.156  
     500	725.875  
     501	722.844  
     502	718.094  
     503	714.344  
     504	718.594  
     505	721.250  
     506	726.437  
     507	730.469  
     508	731.500  
     509	729.875  
     510	727.656  
     511	725.875  
     512	725.000  
     513	724.625  
     514	724.875  
     515	726.969  
     516	728.000  
     517	727.781  
     518	735.187  
     519	733.156  
     520	749.156  
     521	745.187  
     522	739.844  
     523	735.344  
     524	739.906  
     525	744.094  
     526	751.625  
     527	756.781  
     528	758.562  
     529	755.906  
     530	753.375  
     531	749.812  
     532	748.375  
     533	748.406  
     534	748.719  
     535	748.625  
     536	749.531  
     537	750.844  
     538	757.594  
     539	753.969  
     540	770.000  
     541	764.656  
     542	759.000  
     543	753.562  
     544	756.937  
     545	759.219  
     546	764.094  
     547	767.500  
     548	766.875  
     549	762.437  
     550	756.750  
     551	751.562  
     552	748.875  
     553	747.531  
     554	747.312  
     555	747.562  
     556	747.219  
     557	746.344  
     558	752.406  
     559	746.937  
     560	760.531  
     561	754.875  
     562	747.844  
     563	741.500  
     564	742.969  
     565	745.437  
     566	749.375  
     567	752.031  
     568	750.687  
     569	745.562  
     570	740.625  
     571	736.469  
     572	732.969  
     573	729.937  
     574	728.687  
     575	727.687  
     576	726.562  
     577	724.812  
     578	730.531  
     579	726.312  
     580	738.625  
     581	733.812  
     582	727.219  
     583	719.812  
     584	721.812  
     585	723.312  
     586	728.094  
     587	729.531  
     588	728.062  
     589	724.656  
     590	719.562  
     591	715.531  
     592	713.031  
     593	711.562  
     594	711.406  
     595	712.625  
     596	712.156  
     597	712.031  
     598	717.656  
     599	713.187  
     600	725.750  
     601	721.687  
     602	717.625  
     603	712.906  
     604	717.594  
     605	721.812  
     606	728.594  
     607	732.625  
     608	734.250  
     609	732.687  
     610	730.594  
     611	727.750  
     612	727.312  
     613	727.875  
     614	729.937  
     615	731.969  
     616	733.125  
     617	733.750  
     618	742.969  
     619	741.000  
     620	757.281  
     621	753.781  
     622	750.781  
     623	747.125  
     624	751.969  
     625	755.875  
     626	763.000  
     627	767.344  
     628	768.781  
     629	766.844  
     630	764.469  
     631	762.437  
     632	761.500  
     633	762.281  
     634	762.687  
     635	762.719  
     636	764.625  
     637	766.406  
     638	775.437  
     639	772.219  
     640	790.031  
     641	787.094  
     642	781.500  
     643	775.344  
     644	780.562  
     645	784.156  
     646	790.969  
     647	794.812  
     648	794.469  
     649	791.094  
     650	785.094  
     651	780.719  
     652	779.219  
     653	777.625  
     654	776.156  
     655	775.750  
     656	773.625  
     657	773.062  
     658	779.375  
     659	774.000  
     660	787.937  
     661	780.469  
     662	773.000  
     663	766.312  
     664	768.125  
     665	769.187  
     666	773.062  
     667	776.531  
     668	775.156  
     669	770.344  
     670	764.219  
     671	759.281  
     672	754.031  
     673	751.875  
     674	750.156  
     675	749.375  
     676	747.719  
     677	745.437  
     678	750.906  
     679	744.562  
     680	759.094  
     681	753.469  
     682	748.125  
     683	740.406  
     684	742.250  
     685	744.094  
     686	746.844  
     687	748.625  
     688	747.344  
     689	742.844  
     690	736.594  
     691	732.687  
     692	728.031  
     693	726.000  
     694	725.062  
     695	724.062  
     696	722.437  
     697	720.875  
     698	726.937  
     699	723.594  
     700	737.656  
     701	734.687  
     702	730.781  
     703	725.594  
     704	728.937  
     705	731.594  
     706	736.437  
     707	739.812  
     708	740.656  
     709	738.187  
     710	734.031  
     711	728.500  
     712	725.469  
     713	724.687  
     714	724.625  
     715	725.375  
     716	726.812  
     717	726.812  
     718	735.344  
     719	734.750  
     720	750.906  
     721	747.750  
     722	743.875  
     723	739.906  
     724	745.281  
     725	749.281  
     726	757.156  
     727	762.031  
     728	764.219  
     729	763.219  
     730	760.875  
     731	758.844  
     732	758.094  
     733	757.969  
     734	758.656  
     735	759.781  
     736	761.281  
     737	762.344  
     738	770.000  
     739	768.062  
     740	787.469  
     741	782.781  
     742	778.562  
     743	774.969  
     744	780.187  
     745	783.906  
     746	791.281  
     747	797.250  
     748	799.156  
     749	797.094  
     750	794.500  
     751	791.031  
     752	788.625  
     753	787.187  
     754	788.469  
     755	789.656  
     756	790.594  
     757	789.656  
     758	794.969  
     759	792.125  
     760	809.406  
     761	804.250  
     762	797.250  
     763	790.469  
     764	793.000  
     765	795.250  
     766	800.812  
     767	803.719  
     768	803.844  
     769	798.812  
     770	793.750  
     771	788.969  
     772	783.687  
     773	780.187  
     774	776.812  
     775	776.250  
     776	775.406  
     777	773.312  
     778	777.719  
     779	772.187  
     780	787.094  
     781	780.469  
     782	771.781  
     783	764.812  
     784	766.031  
     785	766.937  
     786	769.812  
     787	770.656  
     788	769.156  
     789	764.750  
     790	757.906  
     791	751.750  
     792	745.812  
     793	742.406  
     794	741.500  
     795	740.875  
     796	739.250  
     797	738.156  
     798	744.031  
     799	738.687  
     800	751.375  
     801	746.250  
     802	740.344  
     803	733.687  
     804	736.937  
     805	740.156  
     806	744.844  
     807	748.375  
     808	748.062  
     809	744.812  
     810	739.000  
     811	735.094  
     812	732.281  
     813	731.500  
     814	732.719  
     815	732.812  
     816	732.250  
     817	733.094  
     818	741.781  
     819	739.000  
     820	754.469  
     821	751.562  
     822	747.094  
     823	743.344  
     824	748.125  
     825	752.969  
     826	760.125  
     827	765.437  
     828	768.156  
     829	765.875  
     830	763.156  
     831	761.500  
     832	760.969  
     833	763.250  
     834	765.250  
     835	767.000  
     836	768.937  
     837	770.531  
     838	778.625  
     839	775.281  
     840	793.531  
     841	790.812  
     842	787.344  
     843	784.687  
     844	789.937  
     845	795.156  
     846	802.219  
     847	809.656  
     848	810.969  
     849	809.250  
     850	804.719  
     851	801.844  
     852	801.281  
     853	801.219  
     854	802.875  
     855	803.250  
     856	804.000  
     857	804.125  
     858	811.844  
     859	809.187  
     860	829.531  
     861	823.719  
     862	817.312  
     863	812.156  
     864	815.750  
     865	818.344  
     866	825.844  
     867	831.375  
     868	830.281  
     869	826.656  
     870	820.531  
     871	816.125  
     872	811.594  
     873	808.656  
     874	807.156  
     875	805.500  
     876	805.187  
     877	803.375  
     878	806.750  
     879	801.656  
     880	817.937  
     881	809.094  
     882	802.531  
     883	796.000  
     884	796.531  
     885	797.187  
     886	801.094  
     887	803.469  
     888	802.062  
     889	794.969  
     890	787.000  
     891	777.844  
     892	772.625  
     893	768.781  
     894	766.000  
     895	764.906  
     896	761.625  
     897	760.094  
     898	764.969  
     899	758.125  
     900	772.219  
     901	764.781  
     902	758.156  
     903	751.031  
     904	752.750  
     905	754.094  
     906	758.250  
     907	760.937  
     908	760.844  
     909	757.781  
     910	752.531  
     911	747.250  
     912	744.281  
     913	742.719  
     914	741.906  
     915	741.781  
     916	742.281  
     917	741.094  
     918	747.437  
     919	744.406  
     920	759.719  
     921	755.094  
     922	751.250  
     923	746.906  
     924	750.844  
     925	755.500  
     926	761.719  
     927	767.812  
     928	770.437  
     929	768.781  
     930	766.219  
     931	763.406  
     932	763.375  
     933	763.062  
     934	765.250  
     935	767.687  
     936	769.812  
     937	770.250  
     938	778.656  
     939	777.594  
     940	796.937  
     941	793.562  
     942	791.469  
     943	789.844  
     944	794.687  
     945	800.656  
     946	809.875  
     947	818.094  
     948	821.406  
     949	821.062  
     950	819.781  
     951	818.875  
     952	819.469  
     953	822.062  
     954	825.156  
     955	828.281  
     956	832.000  
     957	833.812  
     958	842.094  
     959	842.031  
     960	868.000  
     961	861.250  
     962	855.344  
     963	849.562  
     964	854.781  
     965	858.875  
     966	866.469  
     967	873.812  
     968	874.500  
     969	868.187  
     970	861.875  
     971	856.000  
     972	853.281  
     973	851.187  
     974	849.812  
     975	848.406  
     976	847.437  
     977	846.219  
     978	851.094  
     979	847.469  
     980	870.219  
     981	860.562  
     982	852.406  
     983	843.250  
     984	843.687  
     985	843.750  
     986	847.594  
     987	849.000  
     988	846.031  
     989	839.812  
     990	833.000  
     991	825.969  
     992	820.719  
     993	816.094  
     994	813.969  
     995	810.406  
     996	805.531  
     997	801.375  
     998	805.937  
     999	800.187  
    1000	816.062  
    1001	807.750  
    1002	798.781  
    1003	790.844  
    1004	791.125  
    1005	790.781  
    1006	795.062  
    1007	796.000  
    1008	793.344  
    1009	787.062  
    1010	780.062  
    1011	775.000  
    1012	769.844  
    1013	767.219  
    1014	765.812  
    1015	764.000  
    1016	761.656  
    1017	759.250  
    1018	765.500  
    1019	760.812  
    1020	775.656  
    1021	771.062  
    1022	766.156  
    1023	760.844  
    1024	764.375  
    1025	767.594  
    1026	775.219  
    1027	779.625  
    1028	781.000  
    1029	780.094  
    1030	777.750  
    1031	774.750  
    1032	772.875  
    1033	772.781  
    1034	774.906  
    1035	777.562  
    1036	779.687  
    1037	780.406  
    1038	790.281  
    1039	789.937  
    1040	811.281  
    1041	808.094  
    1042	805.187  
    1043	802.531  
    1044	809.594  
    1045	814.406  
    1046	824.937  
    1047	833.469  
    1048	837.406  
    1049	839.312  
    1050	837.000  
    1051	836.969  
    1052	838.781  
    1053	842.656  
    1054	847.344  
    1055	851.875  
    1056	855.750  
    1057	860.281  
    1058	872.937  
    1059	874.156  
    1060	903.250  
    1061	900.312  
    1062	896.156  
    1063	894.562  
    1064	900.500  
    1065	907.750  
    1066	918.687  
    1067	927.000  
    1068	928.094  
    1069	925.719  
    1070	922.125  
    1071	919.656  
    1072	916.562  
    1073	916.719  
    1074	918.500  
    1075	918.656  
    1076	918.312  
    1077	916.750  
    1078	921.500  
    1079	920.094  
    1080	947.906  
    1081	938.219  
    1082	927.625  
    1083	922.656  
    1084	925.031  
    1085	924.781  
    1086	930.031  
    1087	934.281  
    1088	932.812  
    1089	924.719  
    1090	912.969  
    1091	903.250  
    1092	897.187  
    1093	893.156  
    1094	889.312  
    1095	885.156  
    1096	880.469  
    1097	878.094  
    1098	880.375  
    1099	872.719  
    1100	891.312  
    1101	878.125  
    1102	866.031  
    1103	855.750  
    1104	855.750  
    1105	854.531  
    1106	856.875  
    1107	858.469  
    1108	854.094  
    1109	842.531  
    1110	831.562  
    1111	822.969  
    1112	816.562  
    1113	810.875  
    1114	806.281  
    1115	803.687  
    1116	800.312  
    1117	796.969  
    1118	799.406  
    1119	792.781  
    1120	808.469  
    1121	800.344  
    1122	791.656  
    1123	785.344  
    1124	787.219  
    1125	789.531  
    1126	793.469  
    1127	794.812  
    1128	794.156  
    1129	790.594  
    1130	785.344  
    1131	780.125  
    1132	777.437  
    1133	775.906  
    1134	777.156  
    1135	778.437  
    1136	780.812  
    1137	781.500  
    1138	788.844  
    1139	788.125  
    1140	808.281  
    1141	805.562  
    1142	803.375  
    1143	801.937  
    1144	808.687  
    1145	814.937  
    1146	826.312  
    1147	836.469  
    1148	842.594  
    1149	844.906  
    1150	844.500  
    1151	844.875  
    1152	850.219  
    1153	853.500  
    1154	859.125  
    1155	866.625  
    1156	871.969  
    1157	876.625  
    1158	891.562  
    1159	897.219  
    1160	929.687  
    1161	927.156  
    1162	922.500  
    1163	924.906  
    1164	935.844  
    1165	947.406  
    1166	965.094  
    1167	978.406  
    1168	984.281  
    1169	984.812  
    1170	981.062  
    1171	975.469  
    1172	976.312  
    1173	977.719  
    1174	982.562  
    1175	987.656  
    1176	992.844  
    1177	997.375  
    1178	1005.625 
    1179	1008.250 
    1180	1043.344 
    1181	1038.969 
    1182	1029.000 
    1183	1023.062 
    1184	1026.906 
    1185	1028.781 
    1186	1038.156 
    1187	1045.906 
    1188	1049.156 
    1189	1042.312 
    1190	1028.719 
    1191	1014.562 
    1192	1007.562 
    1193	1000.625 
    1194	996.469  
    1195	992.719  
    1196	989.094  
    1197	982.094  
    1198	986.062  
    1199	981.312  
    1200	1007.875 
    1201	989.937  
    1202	973.000  
    1203	963.625  
    1204	959.000  
    1205	958.531  
    1206	960.312  
    1207	961.344  
    1208	953.437  
    1209	942.625  
    1210	927.156  
    1211	912.500  
    1212	902.781  
    1213	895.062  
    1214	887.531  
    1215	881.687  
    1216	875.719  
    1217	869.844  
    1218	871.562  
    1219	864.937  
    1220	882.594  
    1221	869.062  
    1222	856.844  
    1223	846.094  
    1224	844.125  
    1225	841.969  
    1226	845.094  
    1227	844.594  
    1228	840.406  
    1229	833.687  
    1230	825.687  
    1231	819.469  
    1232	813.375  
    1233	808.156  
    1234	806.750  
    1235	804.437  
    1236	803.312  
    1237	801.906  
    1238	808.031  
    1239	803.625  
    1240	821.719  
    1241	815.719  
    1242	812.219  
    1243	809.344  
    1244	814.750  
    1245	819.000  
    1246	828.094  
    1247	835.781  
    1248	840.250  
    1249	840.500  
    1250	839.250  
    1251	838.594  
    1252	839.687  
    1253	843.156  
    1254	848.531  
    1255	854.156  
    1256	860.625  
    1257	868.375  
    1258	886.125  
    1259	893.094  
    1260	928.500  
    1261	927.219  
    1262	926.062  
    1263	930.562  
    1264	941.531  
    1265	955.687  
    1266	976.344  
    1267	992.875  
    1268	1006.344 
    1269	1012.250 
    1270	1016.437 
    1271	1020.844 
    1272	1026.375 
    1273	1033.594 
    1274	1043.344 
    1275	1055.437 
    1276	1066.125 
    1277	1073.937 
    1278	1087.344 
    1279	1093.594 
    1280	1140.594 
    1281	1131.844 
    1282	1122.469 
    1283	1121.875 
    1284	1124.250 
    1285	1132.937 
    1286	1151.031 
    1287	1165.281 
    1288	1167.625 
    1289	1160.937 
    1290	1150.937 
    1291	1145.094 
    1292	1143.062 
    1293	1138.219 
    1294	1133.844 
    1295	1135.375 
    1296	1133.750 
    1297	1131.125 
    1298	1132.969 
    1299	1132.875 
    1300	1172.375 
    1301	1150.281 
    1302	1133.437 
    1303	1120.906 
    1304	1118.875 
    1305	1119.875 
    1306	1126.969 
    1307	1127.969 
    1308	1118.156 
    1309	1104.031 
    1310	1086.187 
    1311	1068.312 
    1312	1055.437 
    1313	1044.656 
    1314	1037.719 
    1315	1032.344 
    1316	1025.531 
    1317	1014.062 
    1318	1012.437 
    1319	1003.750 
    1320	1027.594 
    1321	1012.812 
    1322	991.219  
    1323	976.187  
    1324	970.000  
    1325	966.531  
    1326	967.500  
    1327	966.656  
    1328	961.312  
    1329	950.500  
    1330	938.781  
    1331	925.469  
    1332	916.031  
    1333	911.687  
    1334	906.531  
    1335	900.281  
    1336	895.281  
    1337	888.312  
    1338	889.250  
    1339	883.750  
    1340	905.719  
    1341	895.562  
    1342	885.594  
    1343	877.781  
    1344	880.312  
    1345	883.344  
    1346	889.875  
    1347	894.656  
    1348	894.156  
    1349	890.750  
    1350	886.031  
    1351	883.219  
    1352	882.062  
    1353	884.812  
    1354	889.125  
    1355	894.312  
    1356	900.156  
    1357	905.844  
    1358	915.125  
    1359	918.062  
    1360	950.719  
    1361	948.031  
    1362	947.594  
    1363	951.844  
    1364	962.906  
    1365	974.156  
    1366	992.906  
    1367	1009.531 
    1368	1022.750 
    1369	1027.344 
    1370	1031.281 
    1371	1037.750 
    1372	1045.656 
    1373	1056.562 
    1374	1072.875 
    1375	1084.500 
    1376	1094.406 
    1377	1103.844 
    1378	1119.969 
    1379	1135.344 
    1380	1187.906 
    1381	1177.031 
    1382	1168.562 
    1383	1175.500 
    1384	1188.937 
    1385	1198.156 
    1386	1218.594 
    1387	1236.312 
    1388	1235.437 
    1389	1226.062 
    1390	1219.187 
    1391	1211.219 
    1392	1210.000 
    1393	1211.906 
    1394	1215.937 
    1395	1222.281 
    1396	1228.719 
    1397	1229.344 
    1398	1231.906 
    1399	1234.781 
    1400	1275.312 
    1401	1248.406 
    1402	1224.062 
    1403	1211.219 
    1404	1208.406 
    1405	1207.625 
    1406	1220.437 
    1407	1228.219 
    1408	1219.406 
    1409	1201.656 
    1410	1177.437 
    1411	1158.125 
    1412	1146.062 
    1413	1134.531 
    1414	1125.719 
    1415	1117.844 
    1416	1112.187 
    1417	1100.531 
    1418	1099.187 
    1419	1090.219 
    1420	1116.187 
    1421	1087.969 
    1422	1062.469 
    1423	1044.719 
    1424	1034.281 
    1425	1023.781 
    1426	1022.344 
    1427	1018.187 
    1428	1006.625 
    1429	987.500  
    1430	966.406  
    1431	950.125  
    1432	936.187  
    1433	928.375  
    1434	919.375  
    1435	912.969  
    1436	905.625  
    1437	898.406  
    1438	897.000  
    1439	887.594  
    1440	904.906  
    1441	890.750  
    1442	878.281  
    1443	868.094  
    1444	867.562  
    1445	866.844  
    1446	870.344  
    1447	873.781  
    1448	874.000  
    1449	871.437  
    1450	866.656  
    1451	863.844  
    1452	861.031  
    1453	860.562  
    1454	862.719  
    1455	868.094  
    1456	874.312  
    1457	883.656  
    1458	898.250  
    1459	905.312  
    1460	938.094  
    1461	932.219  
    1462	930.719  
    1463	938.219  
    1464	954.000  
    1465	969.937  
    1466	993.531  
    1467	1014.562 
    1468	1031.625 
    1469	1041.562 
    1470	1041.594 
    1471	1049.750 
    1472	1066.312 
    1473	1093.594 
    1474	1116.687 
    1475	1142.594 
    1476	1160.719 
    1477	1177.625 
    1478	1200.750 
    1479	1228.500 
    1480	1299.406 
    1481	1300.844 
    1482	1305.687 
    1483	1324.406 
    1484	1341.625 
    1485	1364.281 
    1486	1388.750 
    1487	1414.187 
    1488	1429.969 
    1489	1430.219 
    1490	1425.500 
    1491	1425.469 
    1492	1432.562 
    1493	1435.031 
    1494	1437.406 
    1495	1443.719 
    1496	1450.906 
    1497	1454.781 
    1498	1470.906 
    1499	1500.250 
    1500	1580.406 
    1501	1547.500 
    1502	1522.719 
    1503	1516.562 
    1504	1517.844 
    1505	1524.625 
    1506	1549.437 
    1507	1563.437 
    1508	1559.906 
    1509	1543.156 
    1510	1523.969 
    1511	1497.406 
    1512	1478.625 
    1513	1467.031 
    1514	1465.500 
    1515	1463.781 
    1516	1459.750 
    1517	1457.469 
    1518	1455.312 
    1519	1452.062 
    1520	1493.781 
    1521	1438.219 
    1522	1400.375 
    1523	1382.656 
    1524	1368.406 
    1525	1354.687 
    1526	1352.500 
    1527	1348.375 
    1528	1326.531 
    1529	1296.750 
    1530	1265.750 
    1531	1240.437 
    1532	1217.344 
    1533	1193.437 
    1534	1177.844 
    1535	1164.594 
    1536	1150.937 
    1537	1133.687 
    1538	1124.125 
    1539	1107.562 
    1540	1128.812 
    1541	1096.062 
    1542	1069.219 
    1543	1052.344 
    1544	1045.906 
    1545	1041.219 
    1546	1042.531 
    1547	1041.000 
    1548	1030.469 
    1549	1013.969 
    1550	993.687  
    1551	977.906  
    1552	965.094  
    1553	959.312  
    1554	956.125  
    1555	955.250  
    1556	954.375  
    1557	950.906  
    1558	955.125  
    1559	955.312  
    1560	986.594  
    1561	978.219  
    1562	975.219  
    1563	975.281  
    1564	986.719  
    1565	997.531  
    1566	1021.344 
    1567	1047.531 
    1568	1066.437 
    1569	1075.250 
    1570	1082.750 
    1571	1093.437 
    1572	1108.812 
    1573	1128.219 
    1574	1152.906 
    1575	1179.406 
    1576	1206.406 
    1577	1229.750 
    1578	1266.937 
    1579	1307.969 
    1580	1386.250 
    1581	1378.531 
    1582	1378.844 
    1583	1397.469 
    1584	1429.281 
    1585	1470.937 
    1586	1521.000 
    1587	1576.875 
    1588	1617.625 
    1589	1634.656 
    1590	1653.344 
    1591	1667.156 
    1592	1690.875 
    1593	1715.531 
    1594	1743.187 
    1595	1774.562 
    1596	1806.156 
    1597	1817.906 
    1598	1819.469 
    1599	1851.156 
    1600	1946.937 
    1601	1894.781 
    1602	1868.125 
    1603	1893.719 
    1604	1904.937 
    1605	1928.844 
    1606	1955.031 
    1607	1959.844 
    1608	1937.531 
    1609	1892.437 
    1610	1866.844 
    1611	1865.250 
    1612	1861.000 
    1613	1860.469 
    1614	1843.875 
    1615	1843.031 
    1616	1844.062 
    1617	1837.500 
    1618	1815.156 
    1619	1803.750 
    1620	1842.812 
    1621	1757.125 
    1622	1702.031 
    1623	1676.344 
    1624	1654.406 
    1625	1633.250 
    1626	1623.687 
    1627	1604.656 
    1628	1569.469 
    1629	1532.750 
    1630	1490.437 
    1631	1453.562 
    1632	1427.500 
    1633	1404.844 
    1634	1380.937 
    1635	1360.812 
    1636	1334.781 
    1637	1313.000 
    1638	1297.750 
    1639	1276.406 
    1640	1299.125 
    1641	1250.656 
    1642	1210.844 
    1643	1185.781 
    1644	1170.375 
    1645	1157.875 
    1646	1149.406 
    1647	1140.969 
    1648	1127.781 
    1649	1106.406 
    1650	1085.094 
    1651	1069.250 
    1652	1061.156 
    1653	1055.062 
    1654	1051.875 
    1655	1054.719 
    1656	1064.906 
    1657	1076.656 
    1658	1094.656 
    1659	1113.656 
    1660	1175.062 
    1661	1183.406 
    1662	1196.312 
    1663	1222.469 
    1664	1259.312 
    1665	1305.094 
    1666	1369.562 
    1667	1437.375 
    1668	1497.062 
    1669	1552.562 
    1670	1600.719 
    1671	1665.500 
    1672	1735.125 
    1673	1828.594 
    1674	1921.125 
    1675	2020.094 
    1676	2138.469 
    1677	2255.156 
    1678	2354.281 
    1679	2491.094 
    1680	2653.844 
    1681	2663.469 
    1682	2735.250 
    1683	2878.719 
    1684	2987.625 
    1685	3121.281 
    1686	3274.594 
    1687	3422.937 
    1688	3528.219 
    1689	3632.219 
    1690	3752.594 
    1691	3863.781 
    1692	3979.406 
    1693	4110.125 
    1694	4238.781 
    1695	4352.187 
    1696	4457.562 
    1697	4588.187 
    1698	4706.000 
    1699	4905.094 
    1700	5022.656 
    1701	5020.906 
    1702	5108.219 
    1703	5244.250 
    1704	5296.781 
    1705	5413.375 
    1706	5530.719 
    1707	5609.156 
    1708	5656.594 
    1709	5665.219 
    1710	5680.937 
    1711	5709.687 
    1712	5783.062 
    1713	5840.625 
    1714	5856.375 
    1715	5915.844 
    1716	5974.812 
    1717	5972.406 
    1718	5961.437 
    1719	6078.781 
    1720	6040.719 
    1721	5868.969 
    1722	5829.406 
    1723	5850.344 
    1724	5762.750 
    1725	5727.187 
    1726	5730.125 
    1727	5710.250 
    1728	5642.437 
    1729	5539.906 
    1730	5427.437 
    1731	5337.531 
    1732	5236.187 
    1733	5139.469 
    1734	5054.500 
    1735	4930.250 
    1736	4792.687 
    1737	4695.625 
    1738	4592.594 
    1739	4567.812 
    1740	4422.875 
    1741	4179.406 
    1742	4055.281 
    1743	3962.844 
    1744	3813.562 
    1745	3720.906 
    1746	3627.687 
    1747	3489.000 
    1748	3350.969 
    1749	3228.219 
    1750	3091.437 
    1751	2973.656 
    1752	2874.437 
    1753	2786.781 
    1754	2700.594 
    1755	2629.531 
    1756	2538.812 
    1757	2464.219 
    1758	2412.000 
    1759	2412.781 
    1760	2446.187 
    1761	2320.750 
    1762	2255.156 
    1763	2265.281 
    1764	2258.344 
    1765	2299.125 
    1766	2361.250 
    1767	2419.094 
    1768	2504.687 
    1769	2581.156 
    1770	2628.594 
    1771	2743.062 
    1772	2895.250 
    1773	3073.781 
    1774	3277.500 
    1775	3469.531 
    1776	3637.812 
    1777	3848.812 
    1778	4121.437 
    1779	4584.969 
    1780	4965.375 
    1781	5238.594 
    1782	5602.969 
    1783	6106.750 
    1784	6594.937 
    1785	7187.844 
    1786	7926.844 
    1787	8562.875 
    1788	9088.719 
    1789	9582.500 
    1790	10008.281
    1791	10706.625
    1792	11414.531
    1793	12202.656
    1794	12934.875
    1795	13920.969
    1796	14755.125
    1797	15480.344
    1798	16363.531
    1799	17293.812
    1800	18193.094
    1801	18876.625
    1802	19951.312
    1803	21196.062
    1804	22357.344
    1805	23972.750
    1806	25156.156
    1807	25882.906
    1808	26939.812
    1809	28266.969
    1810	29469.375
    1811	30429.719
    1812	31358.094
    1813	33128.187
    1814	34993.875
    1815	36008.187
    1816	36688.812
    1817	37346.094
    1818	38395.156
    1819	39774.844
    1820	41242.250
    1821	42784.187
    1822	44704.656
    1823	45769.844
    1824	46966.406
    1825	48298.719
    1826	49307.406
    1827	50520.344
    1828	51720.844
    1829	53354.656
    1830	55571.719
    1831	57143.437
    1832	58516.406
    1833	59400.937
    1834	60190.844
    1835	61575.094
    1836	62860.000
    1837	63468.031
    1838	63882.625
    1839	64886.250
    1840	65433.750
    1841	65499.875
    1842	65525.469
    1843	65535.000
    1844	65535.000
    1845	65535.000
    1846	65535.000
    1847	65535.000
    1848	65535.000
    1849	65535.000
    1850	65535.000
    1851	65535.000
    1852	65535.000
    1853	65535.000
    1854	65535.000
    1855	65535.000
    1856	65535.000
    1857	65535.000
    1858	65535.000
    1859	65535.000
    1860	65535.000
    1861	65535.000
    1862	65535.000
    1863	65535.000
    1864	65535.000
    1865	65535.000
    1866	65535.000
    1867	65535.000
    1868	65535.000
    1869	65535.000
    1870	65535.000
    1871	65535.000
    1872	65535.000
    1873	65535.000
    1874	65535.000
    1875	65535.000
    1876	65535.000
    1877	65535.000
    1878	65535.000
    1879	65535.000
    1880	65535.000
    1881	65535.000
    1882	65535.000
    1883	65535.000
    1884	65535.000
    1885	65535.000
    1886	65535.000
    1887	65535.000
    1888	65535.000
    1889	65535.000
    1890	65535.000
    1891	65535.000
    1892	65535.000
    1893	65535.000
    1894	65535.000
    1895	65535.000
    1896	65535.000
    1897	65535.000
    1898	65535.000
    1899	65535.000
    1900	65492.125
    1901	65329.625
    1902	64869.625
    1903	63943.594
    1904	62778.375
    1905	61742.750
    1906	60729.437
    1907	59803.312
    1908	59268.875
    1909	58645.375
    1910	57463.406
    1911	55775.875
    1912	54166.750
    1913	53114.187
    1914	52154.344
    1915	50578.000
    1916	48825.094
    1917	47560.125
    1918	46164.656
    1919	44564.312
    1920	43106.187
    1921	41734.094
    1922	40390.750
    1923	38911.750
    1924	37517.125
    1925	36394.719
    1926	35082.125
    1927	33747.781
    1928	32407.469
    1929	31350.344
    1930	30161.719
    1931	28559.812
    1932	27449.062
    1933	26809.406
    1934	25756.062
    1935	24169.562
    1936	22971.937
    1937	22255.344
    1938	21447.937
    1939	20497.906
    1940	19362.281
    1941	18167.062
    1942	17141.062
    1943	16400.250
    1944	15632.250
    1945	14960.406
    1946	14275.531
    1947	13595.281
    1948	12901.687
    1949	12016.875
    1950	11107.750
    1951	10457.344
    1952	10028.000
    1953	9625.937 
    1954	8995.375 
    1955	8426.781 
    1956	7946.312 
    1957	7382.031 
    1958	6836.875 
    1959	6536.937 
    1960	6216.281 
    1961	5761.062 
    1962	5252.625 
    1963	4923.312 
    1964	4630.344 
    1965	4290.969 
    1966	4024.719 
    1967	3805.312 
    1968	3558.375 
    1969	3335.312 
    1970	3169.625 
    1971	3027.062 
    1972	2887.000 
    1973	2771.844 
    1974	2694.437 
    1975	2656.031 
    1976	2606.562 
    1977	2551.875 
    1978	2507.687 
    1979	2543.437 
    1980	2566.312 
    1981	2447.250 
    1982	2439.437 
    1983	2516.250 
    1984	2574.594 
    1985	2636.687 
    1986	2714.219 
    1987	2756.250 
    1988	2772.312 
    1989	2808.812 
    1990	2866.469 
    1991	2965.375 
    1992	3074.469 
    1993	3176.219 
    1994	3279.594 
    1995	3415.469 
    1996	3583.344 
    1997	3728.625 
    1998	3849.906 
    1999	4079.000 
    2000	4224.719 
    2001	4197.156 
    2002	4226.156 
    2003	4303.375 
    2004	4367.687 
    2005	4532.531 
    2006	4683.469 
    2007	4761.344 
    2008	4816.375 
    2009	4902.500 
    2010	4987.656 
    2011	5030.219 
    2012	5078.375 
    2013	5189.062 
    2014	5333.062 
    2015	5425.094 
    2016	5472.500 
    2017	5492.812 
    2018	5511.125 
    2019	5624.187 
    2020	5599.937 
    2021	5484.719 
    2022	5473.687 
    2023	5555.937 
    2024	5550.656 
    2025	5629.062 
    2026	5729.625 
    2027	5742.875 
    2028	5661.969 
    2029	5571.187 
    2030	5517.875 
    2031	5459.406 
    2032	5404.781 
    2033	5337.844 
    2034	5269.281 
    2035	5224.719 
    2036	5136.156 
    2037	5079.437 
    2038	5026.594 
    2039	5051.656 
    2040	4947.031 
    2041	4704.625 
    2042	4620.125 
    2043	4599.937 
    2044	4459.781 
    2045	4378.937 
    2046	4322.750 
    2047	4224.187 
    2048	4075.281 
    2049	3958.469 
    2050	3871.469 
    2051	3770.500 
    2052	3626.406 
    2053	3511.125 
    2054	3454.062 
    2055	3398.781 
    2056	3293.937 
    2057	3161.312 
    2058	3032.344 
    2059	2947.000 
    2060	2891.344 
    2061	2692.219 
    2062	2575.000 
    2063	2517.250 
    2064	2419.719 
    2065	2344.625 
    2066	2296.906 
    2067	2240.531 
    2068	2149.062 
    2069	2055.094 
    2070	1993.781 
    2071	1945.344 
    2072	1907.250 
    2073	1875.562 
    2074	1819.344 
    2075	1759.750 
    2076	1705.781 
    2077	1667.625 
    2078	1642.906 
    2079	1617.906 
    2080	1641.750 
    2081	1566.562 
    2082	1507.281 
    2083	1480.062 
    2084	1454.594 
    2085	1437.469 
    2086	1438.406 
    2087	1437.406 
    2088	1424.812 
    2089	1402.125 
    2090	1377.094 
    2091	1367.031 
    2092	1360.031 
    2093	1364.031 
    2094	1375.406 
    2095	1395.562 
    2096	1421.156 
    2097	1438.812 
    2098	1467.500 
    2099	1499.906 
    2100	1578.187 
    2101	1560.906 
    2102	1559.281 
    2103	1582.906 
    2104	1608.562 
    2105	1647.562 
    2106	1704.156 
    2107	1748.875 
    2108	1780.031 
    2109	1800.281 
    2110	1814.687 
    2111	1827.969 
    2112	1850.937 
    2113	1890.375 
    2114	1935.281 
    2115	1980.000 
    2116	2013.531 
    2117	2050.562 
    2118	2075.469 
    2119	2131.781 
    2120	2215.375 
    2121	2146.406 
    2122	2132.219 
    2123	2194.375 
    2124	2216.812 
    2125	2262.906 
    2126	2317.625 
    2127	2334.781 
    2128	2320.844 
    2129	2290.781 
    2130	2289.281 
    2131	2297.562 
    2132	2314.375 
    2133	2312.156 
    2134	2315.687 
    2135	2320.250 
    2136	2313.344 
    2137	2293.562 
    2138	2286.562 
    2139	2345.219 
    2140	2406.844 
    2141	2299.469 
    2142	2251.281 
    2143	2261.406 
    2144	2235.000 
    2145	2199.406 
    2146	2185.406 
    2147	2170.656 
    2148	2135.812 
    2149	2100.312 
    2150	2045.906 
    2151	2000.156 
    2152	1969.187 
    2153	1938.344 
    2154	1909.500 
    2155	1887.250 
    2156	1866.750 
    2157	1845.562 
    2158	1833.031 
    2159	1829.469 
    2160	1864.812 
    2161	1754.187 
    2162	1686.719 
    2163	1649.281 
    2164	1611.812 
    2165	1578.531 
    2166	1569.156 
    2167	1558.250 
    2168	1530.969 
    2169	1485.625 
    2170	1444.031 
    2171	1410.656 
    2172	1379.656 
    2173	1353.406 
    2174	1332.719 
    2175	1309.062 
    2176	1287.625 
    2177	1264.250 
    2178	1247.844 
    2179	1232.031 
    2180	1252.625 
    2181	1208.406 
    2182	1175.312 
    2183	1148.750 
    2184	1131.219 
    2185	1117.500 
    2186	1111.844 
    2187	1105.094 
    2188	1090.687 
    2189	1067.719 
    2190	1049.469 
    2191	1033.344 
    2192	1020.562 
    2193	1012.000 
    2194	1002.500 
    2195	996.562  
    2196	993.844  
    2197	991.687  
    2198	995.594  
    2199	994.937  
    2200	1027.469 
    2201	1024.531 
    2202	1013.812 
    2203	1014.812 
    2204	1022.437 
    2205	1035.812 
    2206	1056.062 
    2207	1076.562 
    2208	1087.875 
    2209	1092.000 
    2210	1091.687 
    2211	1098.687 
    2212	1107.656 
    2213	1121.062 
    2214	1134.844 
    2215	1151.125 
    2216	1163.437 
    2217	1179.750 
    2218	1206.844 
    2219	1226.219 
    2220	1291.219 
    2221	1286.437 
    2222	1280.812 
    2223	1289.562 
    2224	1306.031 
    2225	1325.562 
    2226	1355.719 
    2227	1381.125 
    2228	1398.594 
    2229	1402.062 
    2230	1405.125 
    2231	1419.094 
    2232	1430.094 
    2233	1442.281 
    2234	1451.594 
    2235	1464.812 
    2236	1475.844 
    2237	1473.594 
    2238	1486.812 
    2239	1504.375 
    2240	1572.469 
    2241	1542.844 
    2242	1521.875 
    2243	1520.094 
    2244	1518.875 
    2245	1518.406 
    2246	1541.562 
    2247	1554.219 
    2248	1544.969 
    2249	1531.875 
    2250	1511.562 
    2251	1490.125 
    2252	1481.594 
    2253	1480.469 
    2254	1477.031 
    2255	1474.594 
    2256	1469.562 
    2257	1459.437 
    2258	1455.312 
    2259	1456.719 
    2260	1508.844 
    2261	1466.062 
    2262	1433.531 
    2263	1421.219 
    2264	1412.531 
    2265	1401.406 
    2266	1404.500 
    2267	1401.844 
    2268	1385.531 
    2269	1359.187 
    2270	1328.656 
    2271	1312.125 
    2272	1291.094 
    2273	1279.687 
    2274	1270.531 
    2275	1258.844 
    2276	1244.000 
    2277	1230.844 
    2278	1220.062 
    2279	1211.937 
    2280	1237.562 
    2281	1207.219 
    2282	1182.906 
    2283	1165.719 
    2284	1150.562 
    2285	1140.750 
    2286	1140.281 
    2287	1137.594 
    2288	1125.875 
    2289	1107.375 
    2290	1088.406 
    2291	1069.406 
    2292	1056.531 
    2293	1045.812 
    2294	1037.656 
    2295	1028.344 
    2296	1020.281 
    2297	1011.594 
    2298	1010.187 
    2299	1003.812 
    2300	1030.875 
    2301	1020.156 
    2302	1002.406 
    2303	989.094  
    2304	984.656  
    2305	983.437  
    2306	991.156  
    2307	998.062  
    2308	997.375  
    2309	989.187  
    2310	981.312  
    2311	973.594  
    2312	969.156  
    2313	967.062  
    2314	969.250  
    2315	970.031  
    2316	972.187  
    2317	974.344  
    2318	984.062  
    2319	985.125  
    2320	1019.656 
    2321	1014.875 
    2322	1012.000 
    2323	1013.844 
    2324	1022.687 
    2325	1030.344 
    2326	1044.844 
    2327	1058.031 
    2328	1061.187 
    2329	1057.687 
    2330	1052.281 
    2331	1048.281 
    2332	1047.875 
    2333	1047.937 
    2334	1048.844 
    2335	1051.375 
    2336	1055.094 
    2337	1058.312 
    2338	1065.187 
    2339	1067.062 
    2340	1104.875 
    2341	1091.281 
    2342	1078.719 
    2343	1073.250 
    2344	1074.062 
    2345	1078.219 
    2346	1088.437 
    2347	1095.906 
    2348	1097.687 
    2349	1088.375 
    2350	1075.906 
    2351	1066.094 
    2352	1058.937 
    2353	1055.250 
    2354	1052.406 
    2355	1051.469 
    2356	1047.000 
    2357	1041.937 
    2358	1045.656 
    2359	1042.500 
    2360	1072.406 
    2361	1055.656 
    2362	1039.094 
    2363	1029.937 
    2364	1025.312 
    2365	1021.937 
    2366	1026.156 
    2367	1026.562 
    2368	1016.812 
    2369	1002.781 
    2370	989.906  
    2371	975.687  
    2372	962.562  
    2373	954.156  
    2374	950.344  
    2375	946.687  
    2376	940.844  
    2377	933.781  
    2378	934.094  
    2379	926.781  
    2380	947.969  
    2381	930.031  
    2382	914.187  
    2383	902.969  
    2384	900.531  
    2385	898.437  
    2386	900.687  
    2387	900.719  
    2388	895.437  
    2389	889.187  
    2390	878.812  
    2391	869.875  
    2392	863.937  
    2393	860.656  
    2394	859.250  
    2395	858.437  
    2396	855.719  
    2397	855.594  
    2398	861.625  
    2399	858.531  
    2400	880.469  
    2401	872.875  
    2402	866.156  
    2403	859.969  
    2404	862.969  
    2405	866.531  
    2406	874.437  
    2407	881.937  
    2408	885.406  
    2409	883.437  
    2410	880.750  
    2411	877.875  
    2412	878.562  
    2413	881.562  
    2414	887.125  
    2415	893.500  
    2416	900.594  
    2417	907.000  
    2418	920.281  
    2419	921.812  
    2420	957.312  
    2421	955.062  
    2422	951.969  
    2423	952.062  
    2424	961.375  
    2425	969.969  
    2426	983.937  
    2427	995.500  
    2428	1003.750 
    2429	1005.250 
    2430	1004.781 
    2431	1004.094 
    2432	1006.500 
    2433	1011.812 
    2434	1017.156 
    2435	1026.781 
    2436	1033.750 
    2437	1040.125 
    2438	1052.437 
    2439	1059.562 
    2440	1099.562 
    2441	1086.000 
    2442	1075.344 
    2443	1073.937 
    2444	1079.687 
    2445	1083.625 
    2446	1096.656 
    2447	1107.719 
    2448	1107.594 
    2449	1102.687 
    2450	1094.094 
    2451	1084.375 
    2452	1081.687 
    2453	1077.437 
    2454	1076.812 
    2455	1077.125 
    2456	1077.156 
    2457	1076.344 
    2458	1081.406 
    2459	1082.687 
    2460	1114.531 
    2461	1093.969 
    2462	1078.906 
    2463	1070.875 
    2464	1067.469 
    2465	1065.062 
    2466	1072.969 
    2467	1075.562 
    2468	1069.812 
    2469	1058.906 
    2470	1045.750 
    2471	1034.656 
    2472	1026.469 
    2473	1016.000 
    2474	1007.406 
    2475	999.281  
    2476	991.937  
    2477	983.500  
    2478	979.906  
    2479	971.531  
    2480	996.906  
    2481	978.375  
    2482	961.375  
    2483	949.406  
    2484	945.781  
    2485	942.156  
    2486	944.000  
    2487	945.594  
    2488	939.250  
    2489	928.781  
    2490	915.156  
    2491	905.031  
    2492	894.594  
    2493	887.750  
    2494	881.437  
    2495	878.125  
    2496	873.094  
    2497	867.531  
    2498	870.281  
    2499	863.250  
    2500	882.469  
    2501	871.844  
    2502	859.469  
    2503	850.812  
    2504	853.187  
    2505	853.062  
    2506	858.469  
    2507	859.406  
    2508	856.656  
    2509	851.031  
    2510	844.281  
    2511	838.187  
    2512	832.250  
    2513	829.594  
    2514	830.156  
    2515	828.906  
    2516	830.281  
    2517	830.344  
    2518	838.344  
    2519	836.375  
    2520	860.031  
    2521	854.312  
    2522	849.625  
    2523	846.125  
    2524	855.187  
    2525	862.062  
    2526	873.937  
    2527	883.500  
    2528	888.969  
    2529	887.531  
    2530	885.031  
    2531	884.656  
    2532	884.594  
    2533	887.437  
    2534	891.812  
    2535	897.625  
    2536	900.437  
    2537	905.156  
    2538	918.781  
    2539	924.469  
    2540	956.094  
    2541	951.625  
    2542	946.781  
    2543	945.000  
    2544	951.406  
    2545	957.594  
    2546	970.906  
    2547	981.625  
    2548	983.156  
    2549	980.469  
    2550	975.437  
    2551	970.781  
    2552	966.812  
    2553	968.406  
    2554	972.312  
    2555	976.500  
    2556	981.187  
    2557	983.656  
    2558	991.000  
    2559	992.000  
    2560	1026.187 
    2561	1019.312 
    2562	1006.594 
    2563	998.750  
    2564	997.312  
    2565	997.937  
    2566	1004.937 
    2567	1011.719 
    2568	1012.812 
    2569	1004.594 
    2570	992.125  
    2571	980.156  
    2572	974.094  
    2573	972.219  
    2574	970.281  
    2575	970.000  
    2576	967.500  
    2577	964.656  
    2578	966.625  
    2579	962.094  
    2580	988.125  
    2581	973.437  
    2582	958.812  
    2583	950.156  
    2584	949.781  
    2585	943.844  
    2586	947.094  
    2587	949.344  
    2588	945.094  
    2589	934.562  
    2590	923.844  
    2591	912.875  
    2592	906.375  
    2593	900.812  
    2594	894.344  
    2595	890.094  
    2596	885.906  
    2597	879.656  
    2598	878.875  
    2599	871.625  
    2600	891.875  
    2601	879.187  
    2602	866.781  
    2603	855.750  
    2604	853.312  
    2605	853.219  
    2606	857.281  
    2607	860.531  
    2608	857.937  
    2609	849.687  
    2610	840.187  
    2611	831.187  
    2612	824.969  
    2613	819.719  
    2614	815.437  
    2615	811.969  
    2616	809.125  
    2617	805.937  
    2618	808.469  
    2619	802.844  
    2620	821.250  
    2621	813.875  
    2622	807.594  
    2623	802.562  
    2624	805.875  
    2625	808.125  
    2626	813.719  
    2627	816.469  
    2628	814.812  
    2629	810.844  
    2630	805.656  
    2631	799.500  
    2632	797.219  
    2633	795.906  
    2634	794.875  
    2635	795.656  
    2636	796.156  
    2637	796.875  
    2638	804.094  
    2639	802.250  
    2640	822.969  
    2641	818.750  
    2642	814.937  
    2643	811.500  
    2644	816.687  
    2645	820.500  
    2646	828.281  
    2647	834.594  
    2648	836.562  
    2649	834.125  
    2650	831.312  
    2651	827.469  
    2652	825.625  
    2653	825.000  
    2654	827.125  
    2655	829.937  
    2656	833.500  
    2657	834.375  
    2658	840.844  
    2659	840.187  
    2660	863.375  
    2661	857.344  
    2662	851.687  
    2663	846.937  
    2664	850.812  
    2665	854.656  
    2666	860.969  
    2667	867.687  
    2668	868.344  
    2669	864.031  
    2670	858.406  
    2671	853.031  
    2672	849.875  
    2673	848.156  
    2674	847.344  
    2675	845.469  
    2676	843.625  
    2677	842.125  
    2678	847.437  
    2679	843.875  
    2680	865.906  
    2681	858.125  
    2682	849.906  
    2683	842.594  
    2684	844.781  
    2685	846.531  
    2686	851.812  
    2687	854.125  
    2688	852.531  
    2689	845.875  
    2690	839.312  
    2691	834.031  
    2692	828.750  
    2693	825.750  
    2694	823.531  
    2695	822.312  
    2696	821.562  
    2697	818.187  
    2698	822.469  
    2699	817.125  
    2700	834.187  
    2701	823.719  
    2702	815.406  
    2703	807.250  
    2704	807.906  
    2705	807.406  
    2706	812.687  
    2707	816.281  
    2708	813.844  
    2709	808.312  
    2710	801.062  
    2711	794.250  
    2712	789.437  
    2713	787.219  
    2714	785.750  
    2715	785.250  
    2716	784.906  
    2717	784.812  
    2718	791.469  
    2719	787.219  
    2720	803.500  
    2721	797.844  
    2722	792.750  
    2723	789.500  
    2724	793.406  
    2725	797.656  
    2726	805.000  
    2727	808.531  
    2728	808.906  
    2729	806.531  
    2730	802.594  
    2731	797.812  
    2732	795.656  
    2733	795.781  
    2734	797.000  
    2735	797.656  
    2736	799.062  
    2737	799.625  
    2738	808.562  
    2739	806.750  
    2740	826.687  
    2741	822.719  
    2742	818.156  
    2743	814.719  
    2744	820.844  
    2745	826.219  
    2746	835.625  
    2747	843.344  
    2748	844.500  
    2749	842.406  
    2750	839.937  
    2751	837.625  
    2752	835.781  
    2753	838.062  
    2754	840.562  
    2755	842.656  
    2756	843.500  
    2757	845.094  
    2758	853.062  
    2759	853.469  
    2760	878.219  
    2761	872.469  
    2762	868.031  
    2763	864.219  
    2764	867.594  
    2765	869.875  
    2766	878.844  
    2767	886.969  
    2768	890.094  
    2769	885.500  
    2770	880.250  
    2771	875.281  
    2772	871.125  
    2773	869.531  
    2774	868.531  
    2775	868.187  
    2776	867.937  
    2777	866.969  
    2778	872.344  
    2779	868.781  
    2780	890.812  
    2781	880.437  
    2782	870.219  
    2783	864.219  
    2784	864.812  
    2785	866.219  
    2786	871.781  
    2787	875.875  
    2788	872.875  
    2789	865.250  
    2790	857.250  
    2791	849.281  
    2792	845.312  
    2793	842.156  
    2794	838.594  
    2795	835.000  
    2796	832.250  
    2797	829.062  
    2798	833.656  
    2799	828.031  
    2800	846.281  
    2801	836.562  
    2802	827.906  
    2803	819.875  
    2804	820.000  
    2805	819.406  
    2806	825.094  
    2807	828.125  
    2808	826.844  
    2809	821.531  
    2810	814.937  
    2811	807.781  
    2812	802.344  
    2813	798.969  
    2814	797.844  
    2815	797.344  
    2816	795.719  
    2817	793.969  
    2818	798.500  
    2819	791.750  
    2820	807.969  
    2821	799.250  
    2822	792.125  
    2823	785.344  
    2824	786.437  
    2825	787.500  
    2826	791.375  
    2827	794.219  
    2828	792.812  
    2829	789.281  
    2830	784.562  
    2831	778.312  
    2832	774.531  
    2833	772.937  
    2834	773.125  
    2835	772.844  
    2836	773.125  
    2837	771.656  
    2838	778.812  
    2839	773.812  
    2840	791.250  
    2841	785.000  
    2842	780.344  
    2843	775.750  
    2844	778.969  
    2845	782.937  
    2846	789.094  
    2847	793.562  
    2848	794.844  
    2849	792.719  
    2850	789.187  
    2851	786.562  
    2852	785.156  
    2853	785.281  
    2854	785.687  
    2855	787.406  
    2856	789.375  
    2857	789.000  
    2858	797.125  
    2859	795.562  
    2860	814.375  
    2861	809.781  
    2862	805.219  
    2863	799.781  
    2864	804.187  
    2865	809.719  
    2866	818.531  
    2867	824.500  
    2868	825.000  
    2869	822.156  
    2870	820.000  
    2871	816.656  
    2872	814.812  
    2873	814.531  
    2874	814.750  
    2875	816.187  
    2876	816.469  
    2877	815.375  
    2878	821.781  
    2879	819.844  
    2880	839.250  
    2881	832.062  
    2882	824.750  
    2883	818.375  
    2884	821.437  
    2885	825.719  
    2886	832.719  
    2887	836.031  
    2888	835.000  
    2889	829.969  
    2890	825.469  
    2891	821.125  
    2892	817.656  
    2893	816.000  
    2894	814.562  
    2895	812.594  
    2896	811.125  
    2897	807.781  
    2898	813.406  
    2899	810.781  
    2900	830.000  
    2901	821.187  
    2902	812.437  
    2903	805.187  
    2904	807.219  
    2905	807.344  
    2906	812.187  
    2907	813.312  
    2908	810.656  
    2909	805.719  
    2910	799.531  
    2911	792.437  
    2912	786.625  
    2913	782.594  
    2914	781.781  
    2915	780.656  
    2916	780.156  
    2917	778.250  
    2918	783.594  
    2919	777.281  
    2920	792.562  
    2921	785.312  
    2922	778.344  
    2923	770.469  
    2924	773.250  
    2925	774.750  
    2926	780.906  
    2927	784.656  
    2928	782.469  
    2929	778.594  
    2930	772.937  
    2931	767.281  
    2932	763.375  
    2933	760.312  
    2934	759.437  
    2935	757.781  
    2936	756.406  
    2937	755.437  
    2938	760.937  
    2939	755.500  
    2940	771.281  
    2941	766.406  
    2942	761.156  
    2943	757.656  
    2944	762.312  
    2945	765.187  
    2946	770.781  
    2947	773.437  
    2948	773.156  
    2949	769.906  
    2950	765.687  
    2951	762.625  
    2952	760.031  
    2953	758.375  
    2954	758.969  
    2955	760.375  
    2956	761.750  
    2957	762.500  
    2958	770.094  
    2959	767.469  
    2960	784.969  
    2961	780.125  
    2962	775.906  
    2963	771.906  
    2964	775.875  
    2965	779.281  
    2966	787.375  
    2967	790.812  
    2968	791.500  
    2969	789.562  
    2970	786.250  
    2971	783.469  
    2972	782.000  
    2973	781.594  
    2974	781.969  
    2975	783.531  
    2976	784.562  
    2977	784.625  
    2978	792.281  
    2979	789.250  
    2980	809.187  
    2981	804.562  
    2982	799.250  
    2983	794.969  
    2984	799.344  
    2985	802.531  
    2986	809.187  
    2987	812.656  
    2988	811.875  
    2989	808.031  
    2990	802.250  
    2991	797.656  
    2992	794.781  
    2993	793.375  
    2994	791.531  
    2995	791.094  
    2996	789.312  
    2997	787.156  
    2998	793.125  
    2999	789.000  
    3000	805.781  
    3001	797.937  
    3002	791.594  
    3003	786.375  
    3004	790.719  
    3005	793.281  
    3006	798.812  
    3007	801.312  
    3008	799.844  
    3009	794.687  
    3010	788.375  
    3011	783.875  
    3012	780.375  
    3013	776.469  
    3014	775.250  
    3015	774.125  
    3016	771.625  
    3017	769.344  
    3018	774.281  
    3019	768.656  
    3020	783.750  
    3021	777.094  
    3022	770.406  
    3023	765.000  
    3024	767.469  
    3025	767.562  
    3026	771.937  
    3027	774.406  
    3028	772.187  
    3029	766.656  
    3030	760.406  
    3031	754.594  
    3032	750.969  
    3033	749.437  
    3034	749.469  
    3035	748.656  
    3036	747.969  
    3037	747.156  
    3038	753.812  
    3039	749.594  
    3040	765.500  
    3041	761.000  
    3042	756.312  
    3043	749.969  
    3044	753.875  
    3045	757.906  
    3046	762.250  
    3047	765.719  
    3048	765.844  
    3049	762.969  
    3050	757.531  
    3051	752.625  
    3052	751.437  
    3053	750.312  
    3054	749.875  
    3055	751.406  
    3056	751.469  
    3057	750.812  
    3058	757.781  
    3059	754.937  
    3060	771.781  
    3061	767.437  
    3062	761.375  
    3063	756.687  
    3064	759.937  
    3065	762.312  
    3066	768.094  
    3067	774.062  
    3068	775.844  
    3069	772.531  
    3070	768.031  
    3071	763.500  
    3072	761.406  
    3073	759.312  
    3074	759.375  
    3075	760.094  
    3076	760.281  
    3077	761.250  
    3078	768.906  
    3079	765.812  
    3080	783.437  
    3081	779.625  
    3082	772.594  
    3083	766.969  
    3084	771.625  
    3085	773.625  
    3086	780.750  
    3087	785.625  
    3088	786.594  
    3089	784.094  
    3090	779.500  
    3091	774.687  
    3092	773.031  
    3093	771.500  
    3094	771.156  
    3095	771.937  
    3096	771.937  
    3097	771.094  
    3098	777.906  
    3099	775.625  
    3100	792.094  
    3101	787.250  
    3102	781.437  
    3103	774.656  
    3104	777.406  
    3105	779.156  
    3106	785.000  
    3107	787.812  
    3108	787.031  
    3109	782.875  
    3110	777.750  
    3111	772.156  
    3112	768.562  
    3113	766.000  
    3114	764.719  
    3115	763.156  
    3116	762.156  
    3117	761.125  
    3118	768.719  
    3119	763.750  
    3120	778.094  
    3121	772.031  
    3122	765.500  
    3123	759.437  
    3124	763.125  
    3125	764.125  
    3126	768.625  
    3127	772.219  
    3128	771.469  
    3129	767.562  
    3130	760.531  
    3131	755.625  
    3132	751.937  
    3133	750.000  
    3134	748.500  
    3135	747.969  
    3136	746.750  
    3137	745.094  
    3138	751.812  
    3139	746.531  
    3140	761.156  
    3141	755.375  
    3142	750.844  
    3143	745.031  
    3144	747.375  
    3145	748.781  
    3146	754.344  
    3147	756.937  
    3148	758.094  
    3149	754.750  
    3150	751.594  
    3151	747.656  
    3152	745.000  
    3153	742.969  
    3154	743.844  
    3155	744.062  
    3156	743.906  
    3157	743.469  
    3158	751.406  
    3159	747.656  
    3160	762.562  
    3161	758.187  
    3162	754.875  
    3163	749.344  
    3164	752.062  
    3165	754.781  
    3166	760.625  
    3167	764.656  
    3168	765.562  
    3169	761.906  
    3170	757.594  
    3171	753.500  
    3172	751.875  
    3173	751.000  
    3174	751.000  
    3175	752.031  
    3176	752.875  
    3177	752.656  
    3178	760.531  
    3179	757.406  
    3180	774.844  
    3181	771.281  
    3182	766.344  
    3183	761.531  
    3184	765.969  
    3185	768.531  
    3186	776.344  
    3187	780.844  
    3188	781.125  
    3189	778.406  
    3190	775.187  
    3191	770.969  
    3192	767.656  
    3193	767.062  
    3194	766.406  
    3195	767.000  
    3196	767.656  
    3197	768.844  
    3198	774.656  
    3199	771.281  
    3200	786.219  
    3201	780.312  
    3202	774.125  
    3203	769.031  
    3204	771.844  
    3205	773.687  
    3206	779.875  
    3207	783.406  
    3208	782.750  
    3209	778.187  
    3210	773.219  
    3211	768.656  
    3212	765.250  
    3213	763.094  
    3214	762.000  
    3215	761.750  
    3216	761.625  
    3217	760.312  
    3218	766.625  
    3219	760.031  
    3220	774.219  
    3221	768.969  
    3222	763.719  
    3223	757.281  
    3224	759.250  
    3225	760.750  
    3226	766.719  
    3227	770.000  
    3228	769.344  
    3229	764.937  
    3230	759.844  
    3231	754.125  
    3232	750.187  
    3233	748.531  
    3234	747.062  
    3235	746.281  
    3236	746.531  
    3237	745.375  
    3238	751.000  
    3239	747.094  
    3240	761.719  
    3241	756.000  
    3242	750.281  
    3243	744.375  
    3244	748.906  
    3245	751.000  
    3246	755.937  
    3247	759.250  
    3248	758.156  
    3249	754.187  
    3250	748.844  
    3251	744.719  
    3252	739.656  
    3253	736.844  
    3254	736.656  
    3255	736.562  
    3256	735.531  
    3257	734.406  
    3258	741.281  
    3259	736.000  
    3260	750.281  
    3261	746.344  
    3262	741.781  
    3263	737.687  
    3264	741.750  
    3265	743.656  
    3266	750.031  
    3267	754.531  
    3268	755.125  
    3269	751.719  
    3270	748.125  
    3271	744.250  
    3272	741.656  
    3273	742.187  
    3274	743.812  
    3275	745.562  
    3276	746.062  
    3277	746.531  
    3278	753.344  
    3279	749.969  
    3280	766.875  
    3281	762.281  
    3282	756.937  
    3283	752.562  
    3284	756.250  
    3285	758.750  
    3286	764.656  
    3287	769.281  
    3288	770.687  
    3289	766.906  
    3290	763.250  
    3291	759.656  
    3292	757.312  
    3293	756.250  
    3294	756.094  
    3295	755.406  
    3296	754.594  
    3297	753.875  
    3298	759.562  
    3299	755.344  
    3300	772.062  
    3301	768.250  
    3302	762.750  
    3303	757.812  
    3304	761.250  
    3305	764.594  
    3306	771.219  
    3307	776.500  
    3308	776.750  
    3309	773.281  
    3310	769.281  
    3311	764.000  
    3312	759.500  
    3313	756.281  
    3314	756.250  
    3315	757.031  
    3316	755.750  
    3317	754.187  
    3318	760.937  
    3319	757.125  
    3320	772.281  
    3321	767.000  
    3322	760.469  
    3323	756.000  
    3324	758.031  
    3325	761.219  
    3326	766.187  
    3327	768.875  
    3328	768.687  
    3329	764.750  
    3330	760.719  
    3331	757.031  
    3332	754.250  
    3333	751.031  
    3334	751.094  
    3335	750.531  
    3336	749.344  
    3337	747.812  
    3338	755.125  
    3339	751.094  
    3340	765.531  
    3341	759.750  
    3342	753.844  
    3343	746.906  
    3344	748.906  
    3345	751.469  
    3346	757.156  
    3347	760.250  
    3348	759.125  
    3349	756.375  
    3350	751.125  
    3351	747.594  
    3352	746.281  
    3353	745.687  
    3354	746.219  
    3355	746.375  
    3356	745.125  
    3357	745.406  
    3358	752.187  
    3359	747.812  
    3360	763.781  
    3361	760.250  
    3362	754.562  
    3363	748.562  
    3364	753.125  
    3365	755.937  
    3366	761.469  
    3367	766.031  
    3368	766.906  
    3369	762.500  
    3370	759.062  
    3371	754.625  
    3372	751.875  
    3373	749.906  
    3374	750.656  
    3375	750.406  
    3376	749.844  
    3377	749.500  
    3378	755.469  
    3379	752.000  
    3380	768.625  
    3381	764.750  
    3382	759.031  
    3383	753.625  
    3384	757.937  
    3385	760.156  
    3386	766.031  
    3387	769.937  
    3388	769.344  
    3389	765.531  
    3390	762.625  
    3391	758.969  
    3392	756.812  
    3393	755.469  
    3394	756.937  
    3395	756.500  
    3396	756.656  
    3397	755.156  
    3398	761.781  
    3399	758.250  
    3400	773.719  
    3401	769.281  
    3402	763.594  
    3403	758.437  
    3404	761.125  
    3405	764.469  
    3406	769.281  
    3407	772.469  
    3408	773.750  
    3409	769.750  
    3410	766.219  
    3411	761.594  
    3412	758.375  
    3413	756.437  
    3414	755.906  
    3415	756.469  
    3416	756.250  
    3417	754.937  
    3418	761.687  
    3419	757.531  
    3420	772.937  
    3421	767.562  
    3422	761.187  
    3423	755.969  
    3424	759.312  
    3425	761.031  
    3426	764.437  
    3427	766.406  
    3428	765.594  
    3429	762.156  
    3430	756.937  
    3431	749.937  
    3432	746.719  
    3433	744.812  
    3434	744.094  
    3435	743.937  
    3436	742.812  
    3437	741.406  
    3438	748.562  
    3439	744.219  
    3440	758.094  
    3441	752.594  
    3442	747.219  
    3443	742.062  
    3444	744.906  
    3445	747.219  
    3446	752.531  
    3447	756.281  
    3448	756.187  
    3449	753.562  
    3450	747.969  
    3451	743.406  
    3452	739.594  
    3453	736.656  
    3454	735.625  
    3455	735.156  
    3456	735.687  
    3457	735.250  
    3458	740.219  
    3459	737.156  
    3460	752.469  
    3461	747.625  
    3462	742.469  
    3463	735.750  
    3464	738.375  
    3465	740.562  
    3466	745.187  
    3467	748.156  
    3468	747.750  
    3469	744.500  
    3470	740.281  
    3471	736.937  
    3472	734.187  
    3473	733.406  
    3474	733.844  
    3475	733.094  
    3476	733.594  
    3477	733.406  
    3478	740.031  
    3479	737.437  
    3480	753.500  
    3481	747.469  
    3482	742.125  
    3483	736.062  
    3484	738.719  
    3485	742.594  
    3486	750.000  
    3487	753.625  
    3488	753.187  
    3489	749.687  
    3490	745.312  
    3491	742.094  
    3492	738.781  
    3493	737.656  
    3494	738.500  
    3495	738.344  
    3496	739.031  
    3497	738.750  
    3498	745.812  
    3499	742.625  
    3500	757.312  
    3501	754.312  
    3502	749.750  
    3503	743.844  
    3504	748.156  
    3505	750.156  
    3506	756.719  
    3507	759.562  
    3508	761.437  
    3509	758.281  
    3510	753.625  
    3511	748.906  
    3512	745.656  
    3513	744.562  
    3514	744.750  
    3515	744.500  
    3516	743.875  
    3517	742.750  
    3518	750.344  
    3519	745.906  
    3520	760.969  
    3521	756.875  
    3522	751.094  
    3523	745.000  
    3524	748.656  
    3525	751.656  
    3526	757.219  
    3527	760.219  
    3528	759.937  
    3529	756.469  
    3530	751.812  
    3531	747.125  
    3532	743.406  
    3533	741.562  
    3534	740.781  
    3535	739.750  
    3536	738.437  
    3537	736.469  
    3538	743.344  
    3539	739.437  
    3540	754.031  
    3541	748.906  
    3542	743.250  
    3543	736.969  
    3544	740.656  
    3545	742.562  
    3546	746.844  
    3547	750.156  
    3548	749.750  
    3549	745.875  
    3550	740.344  
    3551	737.500  
    3552	734.094  
    3553	732.250  
    3554	731.844  
    3555	730.687  
    3556	730.031  
    3557	728.719  
    3558	735.156  
    3559	731.812  
    3560	746.344  
    3561	740.937  
    3562	736.687  
    3563	730.125  
    3564	732.656  
    3565	733.875  
    3566	739.281  
    3567	742.875  
    3568	742.375  
    3569	739.156  
    3570	735.437  
    3571	732.656  
    3572	730.094  
    3573	728.531  
    3574	728.656  
    3575	729.187  
    3576	729.500  
    3577	728.625  
    3578	734.031  
    3579	728.687  
    3580	743.062  
    3581	739.000  
    3582	733.719  
    3583	728.469  
    3584	732.219  
    3585	735.656  
    3586	741.781  
    3587	745.344  
    3588	746.062  
    3589	742.750  
    3590	740.406  
    3591	736.500  
    3592	734.437  
    3593	733.469  
    3594	733.062  
    3595	733.312  
    3596	733.000  
    3597	732.594  
    3598	738.031  
    3599	734.250  
    3600	748.750  
    3601	744.531  
    3602	738.781  
    3603	733.219  
    3604	737.437  
    3605	740.781  
    3606	747.125  
    3607	750.375  
    3608	750.250  
    3609	747.187  
    3610	743.094  
    3611	738.344  
    3612	736.719  
    3613	734.719  
    3614	735.031  
    3615	735.500  
    3616	736.000  
    3617	735.031  
    3618	741.656  
    3619	737.250  
    3620	753.656  
    3621	748.812  
    3622	743.344  
    3623	737.844  
    3624	741.781  
    3625	745.000  
    3626	751.219  
    3627	754.500  
    3628	753.969  
    3629	750.094  
    3630	745.281  
    3631	740.625  
    3632	736.969  
    3633	735.656  
    3634	734.594  
    3635	734.594  
    3636	734.187  
    3637	734.437  
    3638	739.875  
    3639	735.594  
    3640	749.375  
    3641	744.344  
    3642	739.125  
    3643	732.531  
    3644	735.312  
    3645	737.937  
    3646	742.375  
    3647	745.531  
#  ***END
