#  JIO#
#  Name of dataset:	
#  Generating program:	Fresn-Main-AD2-v1.vi
#  Saved on file:	17-6-2025	13:53
#  Total number of sections:	1
#  ***SECTION	Dataset
#  *FREE
#  Model: CCD-S3600-D(-UV)
#  Hardware Revision: A1.00
#  Firmware Revision: A1.10
#  Serial Number:   015035288C33EBB5
#  type apertuur:
#  *PARA
#  n			aantal spleten 
#  a		mm	afstand tussen spleten 
#  b		mm	breedte spleten
#  l		m	Golflengte 
#  d	0	m	afstand puntbron tot apertuur
#  lB		m	afstand bronlens tot apertuur
#  fB		m	brandpuntsafstand bronlens
#  s	0	m	afstand apertuur tot scherm 
#  lS	 	m	afstand  apertuur tot schermlens 
#  fS		m	brandpuntsafstand schermlens 
#  p	8	um	Sensor Pixel Pitch
#  U	2.30	V	Voltage_Laserdiode
#  T	20	us	Integration Time
#  n	32		Scans per Acquisition
#  HwC	Off		Hardware Dark Correction
#  *DATA	3648	rows	2	columns
#  Index   	Averages
       0	476.875  
       1	487.594  
       2	499.406  
       3	510.031  
       4	528.437  
       5	545.781  
       6	564.219  
       7	580.406  
       8	591.500  
       9	598.812  
      10	603.125  
      11	606.625  
      12	611.250  
      13	615.344  
      14	620.156  
      15	624.531  
      16	628.469  
      17	631.750  
      18	641.969  
      19	640.594  
      20	653.844  
      21	654.187  
      22	652.969  
      23	649.656  
      24	654.656  
      25	658.844  
      26	664.875  
      27	669.219  
      28	671.312  
      29	671.531  
      30	670.625  
      31	668.844  
      32	667.219  
      33	667.125  
      34	667.812  
      35	668.344  
      36	668.937  
      37	669.062  
      38	676.625  
      39	672.594  
      40	684.094  
      41	681.937  
      42	679.500  
      43	674.281  
      44	678.281  
      45	681.062  
      46	686.625  
      47	690.000  
      48	690.312  
      49	687.781  
      50	686.187  
      51	683.500  
      52	681.469  
      53	680.156  
      54	680.000  
      55	679.750  
      56	679.750  
      57	679.062  
      58	685.969  
      59	682.094  
      60	693.281  
      61	690.750  
      62	685.281  
      63	679.469  
      64	682.500  
      65	685.375  
      66	689.531  
      67	692.094  
      68	692.437  
      69	690.000  
      70	686.875  
      71	684.437  
      72	681.844  
      73	680.750  
      74	680.750  
      75	680.687  
      76	681.625  
      77	681.531  
      78	688.781  
      79	684.625  
      80	696.250  
      81	693.344  
      82	690.437  
      83	685.406  
      84	689.344  
      85	692.969  
      86	697.844  
      87	702.250  
      88	703.156  
      89	700.156  
      90	696.969  
      91	693.844  
      92	692.094  
      93	690.406  
      94	689.906  
      95	690.781  
      96	691.594  
      97	691.656  
      98	698.906  
      99	694.656  
     100	708.000  
     101	704.844  
     102	700.187  
     103	695.187  
     104	698.719  
     105	700.562  
     106	705.687  
     107	708.781  
     108	709.062  
     109	707.000  
     110	704.062  
     111	701.312  
     112	699.875  
     113	700.062  
     114	700.750  
     115	701.531  
     116	700.437  
     117	699.281  
     118	706.562  
     119	703.781  
     120	717.125  
     121	714.031  
     122	711.156  
     123	705.031  
     124	709.437  
     125	712.500  
     126	717.312  
     127	720.125  
     128	721.250  
     129	718.812  
     130	714.625  
     131	711.437  
     132	709.250  
     133	708.156  
     134	707.281  
     135	707.281  
     136	707.687  
     137	706.531  
     138	713.781  
     139	708.656  
     140	720.437  
     141	716.375  
     142	711.937  
     143	706.250  
     144	708.812  
     145	710.031  
     146	714.281  
     147	718.000  
     148	719.000  
     149	716.219  
     150	713.094  
     151	710.406  
     152	708.344  
     153	706.969  
     154	705.344  
     155	704.656  
     156	703.719  
     157	702.156  
     158	708.375  
     159	703.219  
     160	715.687  
     161	711.656  
     162	707.281  
     163	700.594  
     164	703.375  
     165	705.625  
     166	709.094  
     167	711.906  
     168	711.312  
     169	709.000  
     170	705.437  
     171	701.687  
     172	698.312  
     173	695.969  
     174	694.625  
     175	693.531  
     176	693.656  
     177	692.125  
     178	697.344  
     179	693.281  
     180	704.750  
     181	700.406  
     182	696.531  
     183	691.000  
     184	694.375  
     185	695.562  
     186	699.875  
     187	702.156  
     188	701.562  
     189	698.156  
     190	694.312  
     191	690.875  
     192	687.969  
     193	686.437  
     194	685.437  
     195	684.937  
     196	685.281  
     197	684.594  
     198	690.687  
     199	686.031  
     200	696.312  
     201	692.250  
     202	688.094  
     203	682.000  
     204	685.375  
     205	687.344  
     206	691.937  
     207	694.656  
     208	695.344  
     209	693.812  
     210	691.094  
     211	687.156  
     212	685.687  
     213	683.625  
     214	684.000  
     215	683.344  
     216	682.937  
     217	682.250  
     218	687.969  
     219	684.125  
     220	695.875  
     221	693.469  
     222	689.062  
     223	682.375  
     224	686.375  
     225	688.656  
     226	693.656  
     227	696.312  
     228	697.219  
     229	695.500  
     230	692.219  
     231	689.500  
     232	687.281  
     233	687.125  
     234	687.531  
     235	687.594  
     236	687.656  
     237	686.469  
     238	693.375  
     239	689.344  
     240	701.969  
     241	699.875  
     242	696.750  
     243	691.469  
     244	694.937  
     245	698.500  
     246	704.562  
     247	707.875  
     248	707.656  
     249	705.719  
     250	704.500  
     251	702.187  
     252	700.625  
     253	699.781  
     254	700.250  
     255	700.219  
     256	699.937  
     257	699.312  
     258	706.312  
     259	702.437  
     260	715.625  
     261	711.344  
     262	707.312  
     263	702.969  
     264	707.594  
     265	709.906  
     266	713.906  
     267	717.500  
     268	718.156  
     269	715.187  
     270	712.281  
     271	709.187  
     272	707.219  
     273	707.094  
     274	707.719  
     275	708.094  
     276	708.875  
     277	707.937  
     278	715.125  
     279	711.562  
     280	725.312  
     281	721.625  
     282	719.000  
     283	713.812  
     284	717.750  
     285	720.500  
     286	726.594  
     287	729.125  
     288	729.437  
     289	726.844  
     290	723.250  
     291	719.937  
     292	717.875  
     293	716.875  
     294	717.250  
     295	718.281  
     296	719.156  
     297	719.281  
     298	726.344  
     299	721.812  
     300	735.781  
     301	731.406  
     302	727.625  
     303	722.062  
     304	726.312  
     305	730.000  
     306	735.594  
     307	738.406  
     308	739.031  
     309	736.687  
     310	732.531  
     311	727.406  
     312	724.156  
     313	722.094  
     314	721.562  
     315	721.031  
     316	720.969  
     317	718.875  
     318	724.625  
     319	720.781  
     320	733.281  
     321	729.781  
     322	725.281  
     323	719.031  
     324	722.344  
     325	724.187  
     326	729.156  
     327	730.812  
     328	730.719  
     329	726.562  
     330	721.219  
     331	717.500  
     332	715.281  
     333	713.625  
     334	713.125  
     335	713.594  
     336	713.500  
     337	711.812  
     338	717.000  
     339	712.406  
     340	724.125  
     341	720.031  
     342	715.437  
     343	709.656  
     344	712.562  
     345	713.406  
     346	716.906  
     347	719.531  
     348	718.375  
     349	714.281  
     350	709.406  
     351	705.219  
     352	702.344  
     353	700.562  
     354	699.812  
     355	698.500  
     356	698.187  
     357	696.969  
     358	703.500  
     359	699.125  
     360	711.219  
     361	706.625  
     362	701.562  
     363	695.625  
     364	698.344  
     365	700.812  
     366	705.531  
     367	707.281  
     368	707.687  
     369	704.937  
     370	701.687  
     371	696.750  
     372	693.625  
     373	691.969  
     374	691.437  
     375	692.281  
     376	692.250  
     377	690.719  
     378	697.875  
     379	693.000  
     380	703.844  
     381	701.531  
     382	697.719  
     383	691.875  
     384	695.187  
     385	697.594  
     386	702.687  
     387	704.687  
     388	704.250  
     389	701.750  
     390	698.969  
     391	695.750  
     392	693.562  
     393	692.687  
     394	692.719  
     395	692.656  
     396	692.156  
     397	692.437  
     398	700.281  
     399	696.500  
     400	709.875  
     401	707.062  
     402	702.437  
     403	696.750  
     404	700.187  
     405	703.281  
     406	709.687  
     407	713.594  
     408	713.969  
     409	711.281  
     410	708.437  
     411	706.500  
     412	705.281  
     413	704.906  
     414	705.781  
     415	706.625  
     416	708.062  
     417	707.469  
     418	715.406  
     419	711.844  
     420	725.937  
     421	722.375  
     422	718.094  
     423	712.062  
     424	716.031  
     425	719.875  
     426	725.469  
     427	729.781  
     428	730.750  
     429	728.094  
     430	725.625  
     431	722.781  
     432	721.844  
     433	721.281  
     434	722.125  
     435	724.281  
     436	725.031  
     437	724.719  
     438	732.219  
     439	730.125  
     440	744.531  
     441	740.156  
     442	736.406  
     443	731.219  
     444	735.281  
     445	738.656  
     446	744.500  
     447	747.875  
     448	746.969  
     449	745.000  
     450	741.687  
     451	738.937  
     452	737.250  
     453	735.656  
     454	736.594  
     455	737.156  
     456	736.219  
     457	736.187  
     458	744.187  
     459	740.875  
     460	757.250  
     461	753.375  
     462	748.906  
     463	744.125  
     464	747.687  
     465	750.906  
     466	756.500  
     467	761.062  
     468	760.656  
     469	756.937  
     470	753.250  
     471	750.125  
     472	747.281  
     473	745.375  
     474	745.531  
     475	745.406  
     476	745.125  
     477	745.000  
     478	752.750  
     479	748.312  
     480	762.906  
     481	756.062  
     482	749.844  
     483	745.437  
     484	748.375  
     485	750.219  
     486	754.656  
     487	756.656  
     488	756.375  
     489	750.969  
     490	746.750  
     491	743.125  
     492	740.781  
     493	739.812  
     494	740.000  
     495	739.000  
     496	738.656  
     497	736.937  
     498	744.156  
     499	739.187  
     500	753.000  
     501	747.594  
     502	741.312  
     503	733.750  
     504	734.687  
     505	735.406  
     506	739.719  
     507	742.687  
     508	742.437  
     509	739.531  
     510	733.656  
     511	728.625  
     512	725.156  
     513	722.875  
     514	721.437  
     515	720.844  
     516	719.562  
     517	717.406  
     518	723.219  
     519	719.437  
     520	732.312  
     521	726.937  
     522	722.531  
     523	716.031  
     524	717.719  
     525	719.937  
     526	724.469  
     527	726.719  
     528	726.375  
     529	723.344  
     530	719.125  
     531	714.062  
     532	711.750  
     533	710.687  
     534	710.312  
     535	709.344  
     536	707.812  
     537	707.156  
     538	713.437  
     539	709.312  
     540	724.125  
     541	719.812  
     542	714.062  
     543	707.656  
     544	710.844  
     545	713.812  
     546	718.625  
     547	721.781  
     548	721.906  
     549	718.656  
     550	715.031  
     551	711.125  
     552	709.250  
     553	708.219  
     554	707.937  
     555	707.875  
     556	707.594  
     557	706.844  
     558	714.219  
     559	709.906  
     560	723.312  
     561	719.687  
     562	715.719  
     563	711.031  
     564	715.469  
     565	718.906  
     566	723.781  
     567	727.562  
     568	727.687  
     569	726.250  
     570	724.062  
     571	720.875  
     572	719.656  
     573	718.875  
     574	719.469  
     575	720.875  
     576	720.719  
     577	720.437  
     578	727.750  
     579	724.125  
     580	739.875  
     581	736.875  
     582	733.594  
     583	728.937  
     584	734.312  
     585	738.562  
     586	745.719  
     587	750.187  
     588	751.219  
     589	748.500  
     590	745.250  
     591	742.750  
     592	741.125  
     593	739.875  
     594	741.000  
     595	742.656  
     596	743.875  
     597	744.562  
     598	752.719  
     599	750.937  
     600	767.969  
     601	765.469  
     602	761.562  
     603	757.000  
     604	761.500  
     605	764.844  
     606	771.312  
     607	776.531  
     608	777.500  
     609	774.562  
     610	771.250  
     611	767.312  
     612	764.687  
     613	764.062  
     614	764.156  
     615	763.844  
     616	764.156  
     617	763.750  
     618	769.687  
     619	766.344  
     620	782.437  
     621	777.844  
     622	774.719  
     623	770.094  
     624	774.656  
     625	777.656  
     626	784.250  
     627	789.000  
     628	789.312  
     629	786.750  
     630	783.781  
     631	780.281  
     632	778.937  
     633	778.437  
     634	778.000  
     635	778.031  
     636	777.187  
     637	775.594  
     638	783.281  
     639	778.187  
     640	795.937  
     641	789.344  
     642	781.906  
     643	776.719  
     644	780.375  
     645	782.531  
     646	788.125  
     647	793.219  
     648	792.656  
     649	788.594  
     650	781.969  
     651	776.344  
     652	772.687  
     653	771.750  
     654	771.312  
     655	771.250  
     656	771.250  
     657	770.031  
     658	777.312  
     659	770.562  
     660	784.937  
     661	777.719  
     662	771.781  
     663	765.656  
     664	767.719  
     665	769.781  
     666	775.406  
     667	778.719  
     668	777.500  
     669	771.562  
     670	766.281  
     671	762.187  
     672	759.062  
     673	755.812  
     674	753.094  
     675	751.250  
     676	749.562  
     677	747.531  
     678	753.406  
     679	748.437  
     680	763.375  
     681	757.562  
     682	751.719  
     683	743.812  
     684	746.125  
     685	745.719  
     686	750.250  
     687	753.781  
     688	752.281  
     689	748.187  
     690	742.625  
     691	737.250  
     692	733.375  
     693	731.250  
     694	729.687  
     695	729.531  
     696	728.719  
     697	727.844  
     698	734.250  
     699	729.906  
     700	744.594  
     701	739.125  
     702	733.531  
     703	727.594  
     704	730.937  
     705	730.969  
     706	735.156  
     707	737.187  
     708	736.375  
     709	732.625  
     710	728.375  
     711	723.781  
     712	720.531  
     713	718.906  
     714	718.687  
     715	718.094  
     716	718.250  
     717	717.875  
     718	723.625  
     719	719.281  
     720	733.969  
     721	730.094  
     722	726.375  
     723	721.187  
     724	725.687  
     725	729.281  
     726	734.844  
     727	739.437  
     728	739.406  
     729	736.937  
     730	734.281  
     731	731.187  
     732	729.187  
     733	728.281  
     734	729.437  
     735	731.156  
     736	732.500  
     737	733.219  
     738	740.750  
     739	736.750  
     740	752.937  
     741	749.594  
     742	746.062  
     743	740.719  
     744	745.031  
     745	749.969  
     746	756.375  
     747	761.000  
     748	762.875  
     749	762.187  
     750	758.844  
     751	755.656  
     752	754.531  
     753	753.500  
     754	754.750  
     755	756.594  
     756	757.906  
     757	759.437  
     758	767.094  
     759	764.312  
     760	784.531  
     761	781.062  
     762	777.062  
     763	772.094  
     764	776.750  
     765	780.562  
     766	789.187  
     767	794.344  
     768	796.375  
     769	794.750  
     770	792.469  
     771	789.156  
     772	787.937  
     773	789.062  
     774	789.594  
     775	791.187  
     776	791.562  
     777	791.656  
     778	799.187  
     779	795.594  
     780	814.312  
     781	810.656  
     782	805.406  
     783	800.594  
     784	804.375  
     785	807.000  
     786	814.844  
     787	820.656  
     788	822.156  
     789	818.812  
     790	815.375  
     791	811.375  
     792	810.250  
     793	809.250  
     794	809.719  
     795	811.750  
     796	813.781  
     797	814.781  
     798	821.656  
     799	818.875  
     800	838.187  
     801	831.250  
     802	824.250  
     803	817.250  
     804	821.187  
     805	824.906  
     806	830.031  
     807	833.219  
     808	832.219  
     809	827.656  
     810	821.062  
     811	815.437  
     812	812.906  
     813	811.531  
     814	809.750  
     815	808.469  
     816	808.219  
     817	805.687  
     818	810.125  
     819	806.250  
     820	824.750  
     821	817.375  
     822	810.406  
     823	804.531  
     824	805.562  
     825	805.969  
     826	809.312  
     827	810.969  
     828	810.719  
     829	806.344  
     830	800.094  
     831	794.875  
     832	791.187  
     833	788.094  
     834	785.656  
     835	784.437  
     836	783.875  
     837	781.562  
     838	786.531  
     839	780.594  
     840	795.531  
     841	788.094  
     842	781.969  
     843	775.000  
     844	776.344  
     845	777.094  
     846	780.344  
     847	780.656  
     848	779.187  
     849	774.562  
     850	768.312  
     851	762.125  
     852	756.500  
     853	754.344  
     854	752.656  
     855	751.375  
     856	751.156  
     857	750.094  
     858	755.125  
     859	750.812  
     860	764.281  
     861	756.750  
     862	750.750  
     863	743.937  
     864	746.375  
     865	747.656  
     866	751.812  
     867	754.312  
     868	755.000  
     869	751.969  
     870	746.781  
     871	742.937  
     872	739.062  
     873	736.656  
     874	735.437  
     875	734.750  
     876	734.500  
     877	733.219  
     878	738.500  
     879	734.562  
     880	749.219  
     881	745.000  
     882	741.281  
     883	735.531  
     884	739.062  
     885	741.625  
     886	746.844  
     887	750.156  
     888	750.594  
     889	748.344  
     890	745.031  
     891	740.375  
     892	738.562  
     893	738.406  
     894	738.906  
     895	740.375  
     896	741.906  
     897	743.187  
     898	749.562  
     899	746.625  
     900	763.812  
     901	760.219  
     902	756.000  
     903	751.312  
     904	755.500  
     905	759.969  
     906	766.781  
     907	772.437  
     908	774.594  
     909	773.500  
     910	771.406  
     911	769.062  
     912	767.437  
     913	767.562  
     914	769.562  
     915	771.781  
     916	774.312  
     917	775.406  
     918	784.187  
     919	783.031  
     920	804.156  
     921	799.469  
     922	795.875  
     923	792.562  
     924	798.156  
     925	802.250  
     926	811.062  
     927	817.219  
     928	820.281  
     929	818.219  
     930	815.375  
     931	814.719  
     932	815.687  
     933	817.375  
     934	820.250  
     935	822.344  
     936	826.625  
     937	829.062  
     938	838.094  
     939	837.594  
     940	860.719  
     941	856.531  
     942	851.187  
     943	848.062  
     944	854.437  
     945	858.094  
     946	867.125  
     947	875.125  
     948	876.187  
     949	873.469  
     950	868.281  
     951	864.312  
     952	861.531  
     953	863.312  
     954	863.906  
     955	866.906  
     956	867.500  
     957	869.687  
     958	875.906  
     959	875.875  
     960	900.625  
     961	892.375  
     962	884.000  
     963	878.437  
     964	881.125  
     965	882.531  
     966	887.906  
     967	892.187  
     968	892.250  
     969	888.406  
     970	881.781  
     971	875.406  
     972	870.531  
     973	868.562  
     974	867.687  
     975	867.344  
     976	868.250  
     977	868.000  
     978	872.062  
     979	869.969  
     980	891.469  
     981	882.656  
     982	873.500  
     983	865.187  
     984	866.437  
     985	868.562  
     986	874.344  
     987	877.031  
     988	875.500  
     989	869.406  
     990	860.000  
     991	853.781  
     992	849.469  
     993	844.500  
     994	842.312  
     995	841.656  
     996	839.375  
     997	838.125  
     998	843.219  
     999	839.531  
    1000	857.281  
    1001	847.125  
    1002	835.812  
    1003	827.344  
    1004	829.469  
    1005	829.875  
    1006	835.781  
    1007	836.812  
    1008	834.812  
    1009	829.187  
    1010	822.187  
    1011	814.656  
    1012	807.469  
    1013	802.281  
    1014	800.031  
    1015	798.531  
    1016	797.031  
    1017	793.687  
    1018	799.125  
    1019	791.312  
    1020	807.094  
    1021	798.250  
    1022	788.219  
    1023	781.594  
    1024	783.625  
    1025	784.969  
    1026	789.781  
    1027	791.437  
    1028	788.781  
    1029	783.594  
    1030	776.437  
    1031	771.312  
    1032	768.187  
    1033	764.781  
    1034	763.312  
    1035	761.281  
    1036	760.156  
    1037	757.875  
    1038	762.719  
    1039	759.156  
    1040	775.719  
    1041	769.000  
    1042	761.531  
    1043	754.937  
    1044	757.000  
    1045	760.687  
    1046	767.125  
    1047	770.250  
    1048	770.437  
    1049	767.625  
    1050	763.812  
    1051	758.656  
    1052	756.187  
    1053	754.437  
    1054	754.875  
    1055	755.969  
    1056	757.219  
    1057	757.906  
    1058	764.469  
    1059	762.156  
    1060	779.281  
    1061	776.094  
    1062	773.219  
    1063	770.062  
    1064	774.469  
    1065	776.812  
    1066	784.250  
    1067	789.969  
    1068	791.281  
    1069	790.531  
    1070	786.937  
    1071	785.125  
    1072	786.156  
    1073	787.219  
    1074	789.375  
    1075	792.687  
    1076	795.969  
    1077	798.812  
    1078	808.750  
    1079	809.812  
    1080	832.875  
    1081	829.906  
    1082	826.375  
    1083	826.375  
    1084	833.281  
    1085	839.562  
    1086	849.781  
    1087	859.375  
    1088	863.031  
    1089	862.875  
    1090	860.219  
    1091	859.594  
    1092	861.094  
    1093	865.281  
    1094	870.625  
    1095	876.875  
    1096	880.812  
    1097	882.687  
    1098	892.531  
    1099	894.531  
    1100	925.250  
    1101	922.187  
    1102	918.812  
    1103	919.125  
    1104	928.844  
    1105	934.500  
    1106	945.437  
    1107	955.844  
    1108	958.531  
    1109	954.094  
    1110	949.156  
    1111	943.531  
    1112	942.844  
    1113	943.031  
    1114	946.344  
    1115	951.312  
    1116	954.875  
    1117	956.594  
    1118	965.375  
    1119	967.937  
    1120	999.844  
    1121	989.562  
    1122	981.594  
    1123	976.656  
    1124	980.094  
    1125	984.656  
    1126	995.844  
    1127	1002.906 
    1128	1002.469 
    1129	994.969  
    1130	984.437  
    1131	982.750  
    1132	978.344  
    1133	976.562  
    1134	977.594  
    1135	977.937  
    1136	975.500  
    1137	975.687  
    1138	983.219  
    1139	984.750  
    1140	1015.219 
    1141	1004.875 
    1142	991.875  
    1143	984.000  
    1144	984.406  
    1145	984.500  
    1146	992.594  
    1147	997.281  
    1148	995.312  
    1149	986.875  
    1150	975.687  
    1151	965.844  
    1152	954.250  
    1153	949.531  
    1154	948.594  
    1155	946.562  
    1156	943.719  
    1157	939.219  
    1158	941.719  
    1159	936.937  
    1160	962.750  
    1161	950.531  
    1162	938.031  
    1163	928.219  
    1164	927.719  
    1165	925.844  
    1166	931.062  
    1167	933.625  
    1168	929.000  
    1169	921.656  
    1170	910.062  
    1171	899.656  
    1172	891.469  
    1173	886.375  
    1174	881.156  
    1175	876.625  
    1176	873.250  
    1177	867.437  
    1178	870.437  
    1179	864.250  
    1180	882.562  
    1181	871.281  
    1182	859.625  
    1183	848.656  
    1184	848.781  
    1185	846.906  
    1186	850.187  
    1187	849.750  
    1188	846.656  
    1189	838.750  
    1190	830.656  
    1191	823.125  
    1192	817.156  
    1193	812.344  
    1194	808.531  
    1195	805.812  
    1196	802.594  
    1197	797.594  
    1198	802.500  
    1199	795.937  
    1200	812.781  
    1201	804.250  
    1202	796.406  
    1203	788.625  
    1204	791.250  
    1205	791.750  
    1206	797.000  
    1207	798.750  
    1208	797.625  
    1209	793.406  
    1210	788.656  
    1211	782.562  
    1212	779.219  
    1213	777.875  
    1214	778.812  
    1215	778.656  
    1216	779.375  
    1217	779.812  
    1218	788.625  
    1219	785.156  
    1220	803.906  
    1221	798.344  
    1222	794.406  
    1223	790.562  
    1224	794.906  
    1225	798.594  
    1226	804.844  
    1227	810.750  
    1228	813.219  
    1229	812.312  
    1230	809.656  
    1231	807.937  
    1232	807.719  
    1233	808.969  
    1234	810.844  
    1235	814.437  
    1236	817.937  
    1237	821.594  
    1238	832.531  
    1239	834.844  
    1240	861.219  
    1241	858.594  
    1242	857.125  
    1243	857.469  
    1244	866.219  
    1245	875.281  
    1246	889.344  
    1247	902.844  
    1248	908.219  
    1249	907.875  
    1250	907.594  
    1251	907.062  
    1252	909.906  
    1253	915.687  
    1254	920.062  
    1255	927.937  
    1256	936.156  
    1257	943.781  
    1258	958.469  
    1259	964.844  
    1260	1003.344 
    1261	999.062  
    1262	997.750  
    1263	1001.500 
    1264	1012.281 
    1265	1022.000 
    1266	1039.750 
    1267	1059.312 
    1268	1070.000 
    1269	1071.531 
    1270	1071.375 
    1271	1069.187 
    1272	1072.000 
    1273	1076.437 
    1274	1081.125 
    1275	1088.094 
    1276	1095.437 
    1277	1098.844 
    1278	1110.125 
    1279	1118.750 
    1280	1164.312 
    1281	1150.156 
    1282	1138.750 
    1283	1139.656 
    1284	1142.750 
    1285	1150.000 
    1286	1164.156 
    1287	1178.750 
    1288	1178.625 
    1289	1174.156 
    1290	1165.969 
    1291	1157.937 
    1292	1158.969 
    1293	1158.094 
    1294	1153.906 
    1295	1155.625 
    1296	1158.656 
    1297	1158.656 
    1298	1164.687 
    1299	1168.344 
    1300	1210.687 
    1301	1194.375 
    1302	1177.312 
    1303	1170.750 
    1304	1171.250 
    1305	1171.687 
    1306	1181.344 
    1307	1190.406 
    1308	1188.937 
    1309	1175.906 
    1310	1157.344 
    1311	1143.594 
    1312	1134.875 
    1313	1130.625 
    1314	1129.906 
    1315	1128.094 
    1316	1125.187 
    1317	1122.531 
    1318	1123.312 
    1319	1121.219 
    1320	1157.562 
    1321	1134.250 
    1322	1117.062 
    1323	1104.375 
    1324	1099.594 
    1325	1096.250 
    1326	1102.594 
    1327	1102.156 
    1328	1094.844 
    1329	1081.094 
    1330	1065.937 
    1331	1056.094 
    1332	1046.062 
    1333	1039.812 
    1334	1033.031 
    1335	1026.594 
    1336	1018.969 
    1337	1009.250 
    1338	1007.125 
    1339	999.719  
    1340	1024.812 
    1341	1006.625 
    1342	987.125  
    1343	972.812  
    1344	969.187  
    1345	964.125  
    1346	964.937  
    1347	963.656  
    1348	954.750  
    1349	941.219  
    1350	926.594  
    1351	915.187  
    1352	906.000  
    1353	898.219  
    1354	894.062  
    1355	889.344  
    1356	883.969  
    1357	879.906  
    1358	880.500  
    1359	872.062  
    1360	890.312  
    1361	876.937  
    1362	864.125  
    1363	854.406  
    1364	854.531  
    1365	853.000  
    1366	856.469  
    1367	857.844  
    1368	854.281  
    1369	847.344  
    1370	839.312  
    1371	832.312  
    1372	827.031  
    1373	822.031  
    1374	819.531  
    1375	816.437  
    1376	815.125  
    1377	813.437  
    1378	818.312  
    1379	814.750  
    1380	835.625  
    1381	827.906  
    1382	822.062  
    1383	817.250  
    1384	821.375  
    1385	826.187  
    1386	834.750  
    1387	840.625  
    1388	843.062  
    1389	840.719  
    1390	837.875  
    1391	836.656  
    1392	836.812  
    1393	837.844  
    1394	842.844  
    1395	848.000  
    1396	850.719  
    1397	853.812  
    1398	866.094  
    1399	871.969  
    1400	903.250  
    1401	902.906  
    1402	899.344  
    1403	899.906  
    1404	911.281  
    1405	923.906  
    1406	940.750  
    1407	957.625  
    1408	969.281  
    1409	973.250  
    1410	976.906  
    1411	980.719  
    1412	989.812  
    1413	997.969  
    1414	1007.937 
    1415	1021.500 
    1416	1037.125 
    1417	1048.812 
    1418	1071.125 
    1419	1084.437 
    1420	1137.437 
    1421	1138.281 
    1422	1133.937 
    1423	1139.531 
    1424	1153.219 
    1425	1168.906 
    1426	1191.781 
    1427	1213.687 
    1428	1231.094 
    1429	1233.000 
    1430	1234.906 
    1431	1240.812 
    1432	1248.156 
    1433	1258.875 
    1434	1266.562 
    1435	1284.625 
    1436	1302.531 
    1437	1317.094 
    1438	1334.156 
    1439	1349.344 
    1440	1408.500 
    1441	1385.062 
    1442	1364.437 
    1443	1363.406 
    1444	1376.219 
    1445	1392.687 
    1446	1417.687 
    1447	1438.937 
    1448	1437.375 
    1449	1418.594 
    1450	1413.312 
    1451	1413.656 
    1452	1414.187 
    1453	1419.000 
    1454	1422.031 
    1455	1440.281 
    1456	1465.719 
    1457	1482.000 
    1458	1479.562 
    1459	1478.812 
    1460	1523.250 
    1461	1464.750 
    1462	1432.469 
    1463	1431.594 
    1464	1436.031 
    1465	1450.719 
    1466	1469.750 
    1467	1481.750 
    1468	1468.219 
    1469	1444.531 
    1470	1418.437 
    1471	1405.344 
    1472	1404.531 
    1473	1416.969 
    1474	1433.094 
    1475	1445.125 
    1476	1436.687 
    1477	1418.531 
    1478	1415.094 
    1479	1423.531 
    1480	1474.094 
    1481	1434.094 
    1482	1406.062 
    1483	1391.562 
    1484	1376.750 
    1485	1369.594 
    1486	1377.937 
    1487	1372.062 
    1488	1357.687 
    1489	1328.969 
    1490	1302.781 
    1491	1285.281 
    1492	1267.094 
    1493	1247.656 
    1494	1237.250 
    1495	1227.656 
    1496	1215.625 
    1497	1202.187 
    1498	1198.781 
    1499	1194.906 
    1500	1230.594 
    1501	1197.219 
    1502	1167.219 
    1503	1151.937 
    1504	1146.312 
    1505	1140.187 
    1506	1140.531 
    1507	1137.062 
    1508	1123.500 
    1509	1103.656 
    1510	1079.406 
    1511	1058.156 
    1512	1043.094 
    1513	1032.406 
    1514	1021.250 
    1515	1009.969 
    1516	999.625  
    1517	987.281  
    1518	983.344  
    1519	973.562  
    1520	995.750  
    1521	973.281  
    1522	953.281  
    1523	939.594  
    1524	936.094  
    1525	930.562  
    1526	930.344  
    1527	930.062  
    1528	923.719  
    1529	912.156  
    1530	898.000  
    1531	886.875  
    1532	876.469  
    1533	870.719  
    1534	863.844  
    1535	859.500  
    1536	856.250  
    1537	854.406  
    1538	859.844  
    1539	855.187  
    1540	876.937  
    1541	869.094  
    1542	862.062  
    1543	855.469  
    1544	859.812  
    1545	864.875  
    1546	875.781  
    1547	886.437  
    1548	891.719  
    1549	893.469  
    1550	894.719  
    1551	897.375  
    1552	902.437  
    1553	909.219  
    1554	917.719  
    1555	931.844  
    1556	945.406  
    1557	958.750  
    1558	979.344  
    1559	999.406  
    1560	1053.031 
    1561	1070.687 
    1562	1083.406 
    1563	1103.344 
    1564	1131.656 
    1565	1153.844 
    1566	1189.937 
    1567	1231.375 
    1568	1262.156 
    1569	1282.625 
    1570	1304.219 
    1571	1326.812 
    1572	1349.469 
    1573	1379.312 
    1574	1412.687 
    1575	1451.625 
    1576	1488.219 
    1577	1525.406 
    1578	1572.219 
    1579	1627.312 
    1580	1724.594 
    1581	1690.937 
    1582	1686.125 
    1583	1719.031 
    1584	1765.250 
    1585	1822.656 
    1586	1893.344 
    1587	1977.625 
    1588	2015.469 
    1589	2040.375 
    1590	2067.812 
    1591	2089.312 
    1592	2129.062 
    1593	2179.656 
    1594	2222.187 
    1595	2284.969 
    1596	2345.844 
    1597	2367.156 
    1598	2373.187 
    1599	2432.312 
    1600	2553.250 
    1601	2503.656 
    1602	2525.344 
    1603	2597.844 
    1604	2632.969 
    1605	2688.594 
    1606	2732.469 
    1607	2775.406 
    1608	2763.500 
    1609	2726.750 
    1610	2740.250 
    1611	2815.219 
    1612	2851.625 
    1613	2863.687 
    1614	2895.406 
    1615	2948.312 
    1616	3000.719 
    1617	3012.062 
    1618	2999.219 
    1619	3037.406 
    1620	3063.156 
    1621	2973.312 
    1622	2985.187 
    1623	3020.187 
    1624	2999.000 
    1625	3030.219 
    1626	3059.875 
    1627	3085.094 
    1628	3084.594 
    1629	3089.125 
    1630	3080.625 
    1631	3100.750 
    1632	3125.937 
    1633	3137.500 
    1634	3159.719 
    1635	3153.500 
    1636	3143.937 
    1637	3156.750 
    1638	3174.500 
    1639	3269.469 
    1640	3311.250 
    1641	3197.781 
    1642	3155.781 
    1643	3185.750 
    1644	3167.281 
    1645	3162.375 
    1646	3179.437 
    1647	3194.562 
    1648	3142.219 
    1649	3044.094 
    1650	2971.781 
    1651	2963.625 
    1652	2947.875 
    1653	2906.219 
    1654	2905.281 
    1655	2939.625 
    1656	2919.562 
    1657	2866.625 
    1658	2849.719 
    1659	2897.969 
    1660	2920.437 
    1661	2758.812 
    1662	2668.312 
    1663	2644.687 
    1664	2595.719 
    1665	2572.719 
    1666	2563.719 
    1667	2528.562 
    1668	2461.156 
    1669	2395.031 
    1670	2336.406 
    1671	2292.437 
    1672	2243.375 
    1673	2211.344 
    1674	2178.031 
    1675	2148.219 
    1676	2109.719 
    1677	2065.906 
    1678	2025.000 
    1679	1998.375 
    1680	2022.594 
    1681	1913.187 
    1682	1842.000 
    1683	1805.719 
    1684	1759.594 
    1685	1730.344 
    1686	1717.875 
    1687	1697.719 
    1688	1657.500 
    1689	1600.812 
    1690	1550.656 
    1691	1506.187 
    1692	1467.187 
    1693	1435.625 
    1694	1410.187 
    1695	1385.187 
    1696	1357.000 
    1697	1329.156 
    1698	1311.656 
    1699	1292.062 
    1700	1319.031 
    1701	1269.906 
    1702	1230.937 
    1703	1204.719 
    1704	1182.469 
    1705	1172.531 
    1706	1173.062 
    1707	1170.562 
    1708	1159.187 
    1709	1145.844 
    1710	1134.437 
    1711	1125.906 
    1712	1122.437 
    1713	1125.656 
    1714	1139.531 
    1715	1158.937 
    1716	1183.156 
    1717	1204.375 
    1718	1234.656 
    1719	1273.281 
    1720	1364.312 
    1721	1381.375 
    1722	1406.906 
    1723	1462.187 
    1724	1524.219 
    1725	1601.844 
    1726	1703.031 
    1727	1808.031 
    1728	1889.156 
    1729	1965.344 
    1730	2044.875 
    1731	2138.625 
    1732	2240.187 
    1733	2356.062 
    1734	2490.000 
    1735	2610.500 
    1736	2733.219 
    1737	2873.250 
    1738	3001.094 
    1739	3217.500 
    1740	3405.281 
    1741	3438.812 
    1742	3584.437 
    1743	3799.094 
    1744	3972.312 
    1745	4133.406 
    1746	4320.344 
    1747	4518.656 
    1748	4692.656 
    1749	4868.469 
    1750	5041.687 
    1751	5214.094 
    1752	5400.844 
    1753	5632.344 
    1754	5827.625 
    1755	6033.844 
    1756	6319.719 
    1757	6610.344 
    1758	6854.469 
    1759	7211.969 
    1760	7399.125 
    1761	7561.594 
    1762	7812.125 
    1763	8068.406 
    1764	8446.812 
    1765	8850.000 
    1766	9120.031 
    1767	9521.625 
    1768	9944.750 
    1769	10063.250
    1770	10245.094
    1771	10586.469
    1772	10910.969
    1773	11086.125
    1774	11293.906
    1775	11382.625
    1776	11435.656
    1777	11619.937
    1778	12048.312
    1779	12698.406
    1780	13163.375
    1781	13515.781
    1782	13861.031
    1783	14283.469
    1784	14764.062
    1785	15473.000
    1786	16360.187
    1787	17039.594
    1788	17293.906
    1789	17285.031
    1790	17278.625
    1791	17768.687
    1792	18347.969
    1793	18703.625
    1794	18944.906
    1795	19703.031
    1796	20178.000
    1797	20396.125
    1798	20831.375
    1799	21201.187
    1800	21536.344
    1801	21723.937
    1802	22194.375
    1803	22796.437
    1804	23343.969
    1805	24266.719
    1806	24808.094
    1807	24823.000
    1808	25052.062
    1809	25537.062
    1810	25938.562
    1811	26147.875
    1812	26335.812
    1813	27077.594
    1814	27923.156
    1815	28150.219
    1816	27992.250
    1817	27993.187
    1818	28257.250
    1819	28678.594
    1820	29160.281
    1821	29681.656
    1822	30453.844
    1823	30720.094
    1824	30941.250
    1825	31327.094
    1826	31482.594
    1827	31771.406
    1828	32067.844
    1829	32629.625
    1830	33553.125
    1831	34127.687
    1832	34538.031
    1833	34678.000
    1834	34724.375
    1835	35212.281
    1836	35729.094
    1837	35722.250
    1838	35620.844
    1839	36335.562
    1840	36919.875
    1841	36743.719
    1842	36977.875
    1843	37330.594
    1844	37427.031
    1845	37558.437
    1846	37741.156
    1847	37913.875
    1848	37965.031
    1849	38125.500
    1850	38497.125
    1851	38582.906
    1852	38707.500
    1853	38931.562
    1854	39588.375
    1855	39947.156
    1856	39548.062
    1857	39415.969
    1858	39469.656
    1859	39349.656
    1860	39335.312
    1861	39730.250
    1862	40130.250
    1863	40038.906
    1864	39732.219
    1865	39649.375
    1866	39789.844
    1867	39671.500
    1868	39727.187
    1869	40221.781
    1870	40540.219
    1871	40652.937
    1872	40475.500
    1873	40001.750
    1874	39409.469
    1875	39026.656
    1876	39099.562
    1877	39127.750
    1878	39161.250
    1879	39244.312
    1880	39062.437
    1881	38931.656
    1882	38700.937
    1883	38210.625
    1884	37753.844
    1885	37358.844
    1886	37278.937
    1887	37170.812
    1888	36942.156
    1889	36777.875
    1890	36461.781
    1891	36017.625
    1892	35716.344
    1893	35806.312
    1894	35816.906
    1895	35635.156
    1896	35683.500
    1897	35660.437
    1898	35591.406
    1899	35461.844
    1900	35127.906
    1901	34831.250
    1902	34488.250
    1903	34117.062
    1904	33714.531
    1905	33553.844
    1906	33416.312
    1907	33295.187
    1908	33400.781
    1909	33396.906
    1910	33077.156
    1911	32436.031
    1912	31850.625
    1913	31599.750
    1914	31453.469
    1915	31056.781
    1916	30473.531
    1917	30184.719
    1918	29701.000
    1919	29190.344
    1920	28690.375
    1921	28174.187
    1922	27847.344
    1923	27413.281
    1924	26983.125
    1925	26675.500
    1926	26252.687
    1927	25833.156
    1928	25342.781
    1929	25140.156
    1930	24837.594
    1931	24046.187
    1932	23681.469
    1933	23858.094
    1934	23580.312
    1935	22661.687
    1936	22079.125
    1937	22054.094
    1938	22023.219
    1939	21674.406
    1940	21017.094
    1941	20161.000
    1942	19493.031
    1943	19200.187
    1944	18891.344
    1945	18671.969
    1946	18393.937
    1947	18067.500
    1948	17747.500
    1949	17228.312
    1950	16620.750
    1951	16226.031
    1952	16016.187
    1953	15941.281
    1954	15671.312
    1955	15364.906
    1956	15162.281
    1957	14634.750
    1958	13947.156
    1959	13712.531
    1960	13596.500
    1961	13286.687
    1962	12701.156
    1963	12274.281
    1964	12100.844
    1965	11626.437
    1966	11150.594
    1967	11002.125
    1968	10641.125
    1969	10210.094
    1970	9987.625 
    1971	9664.000 
    1972	9391.625 
    1973	9005.656 
    1974	8710.281 
    1975	8475.781 
    1976	8198.906 
    1977	7919.219 
    1978	7719.156 
    1979	7616.812 
    1980	7267.219 
    1981	6846.937 
    1982	6643.469 
    1983	6557.906 
    1984	6328.031 
    1985	6130.219 
    1986	5903.594 
    1987	5604.281 
    1988	5324.375 
    1989	5096.937 
    1990	4878.625 
    1991	4659.969 
    1992	4465.281 
    1993	4324.031 
    1994	4192.562 
    1995	4062.625 
    1996	3930.687 
    1997	3801.344 
    1998	3682.156 
    1999	3624.094 
    2000	3527.156 
    2001	3284.437 
    2002	3086.969 
    2003	2945.375 
    2004	2781.937 
    2005	2706.250 
    2006	2659.562 
    2007	2545.031 
    2008	2408.875 
    2009	2291.062 
    2010	2187.219 
    2011	2090.000 
    2012	2002.875 
    2013	1930.375 
    2014	1853.844 
    2015	1785.500 
    2016	1718.969 
    2017	1662.812 
    2018	1606.687 
    2019	1565.156 
    2020	1572.156 
    2021	1481.250 
    2022	1412.687 
    2023	1367.531 
    2024	1335.094 
    2025	1309.281 
    2026	1295.562 
    2027	1279.594 
    2028	1256.156 
    2029	1221.500 
    2030	1194.000 
    2031	1171.000 
    2032	1154.656 
    2033	1146.687 
    2034	1141.406 
    2035	1139.781 
    2036	1140.719 
    2037	1144.937 
    2038	1155.250 
    2039	1162.000 
    2040	1212.062 
    2041	1207.812 
    2042	1202.625 
    2043	1213.062 
    2044	1236.656 
    2045	1260.719 
    2046	1299.156 
    2047	1336.969 
    2048	1356.187 
    2049	1373.250 
    2050	1401.500 
    2051	1434.781 
    2052	1466.094 
    2053	1497.437 
    2054	1537.000 
    2055	1595.812 
    2056	1660.812 
    2057	1705.781 
    2058	1740.625 
    2059	1771.594 
    2060	1850.844 
    2061	1815.969 
    2062	1817.844 
    2063	1870.906 
    2064	1912.625 
    2065	1970.156 
    2066	2028.156 
    2067	2073.281 
    2068	2094.219 
    2069	2104.937 
    2070	2138.375 
    2071	2201.437 
    2072	2283.250 
    2073	2363.625 
    2074	2398.156 
    2075	2401.937 
    2076	2425.031 
    2077	2478.406 
    2078	2530.562 
    2079	2588.344 
    2080	2670.812 
    2081	2598.250 
    2082	2576.219 
    2083	2631.562 
    2084	2654.969 
    2085	2681.219 
    2086	2737.375 
    2087	2782.531 
    2088	2781.062 
    2089	2774.844 
    2090	2772.469 
    2091	2779.750 
    2092	2777.875 
    2093	2808.687 
    2094	2828.000 
    2095	2839.656 
    2096	2857.344 
    2097	2892.656 
    2098	2914.531 
    2099	2966.062 
    2100	3013.125 
    2101	2897.625 
    2102	2861.156 
    2103	2900.625 
    2104	2904.250 
    2105	2915.594 
    2106	2957.906 
    2107	2969.094 
    2108	2939.187 
    2109	2898.625 
    2110	2860.437 
    2111	2833.219 
    2112	2826.281 
    2113	2845.844 
    2114	2855.250 
    2115	2838.906 
    2116	2819.562 
    2117	2792.000 
    2118	2770.719 
    2119	2808.844 
    2120	2834.781 
    2121	2690.906 
    2122	2641.969 
    2123	2663.312 
    2124	2645.062 
    2125	2657.344 
    2126	2675.187 
    2127	2646.875 
    2128	2584.719 
    2129	2520.562 
    2130	2477.719 
    2131	2450.594 
    2132	2429.750 
    2133	2405.344 
    2134	2384.656 
    2135	2352.031 
    2136	2319.719 
    2137	2284.844 
    2138	2250.625 
    2139	2272.750 
    2140	2319.375 
    2141	2206.594 
    2142	2136.906 
    2143	2116.250 
    2144	2076.750 
    2145	2041.125 
    2146	2026.094 
    2147	2006.406 
    2148	1965.656 
    2149	1908.562 
    2150	1860.125 
    2151	1813.250 
    2152	1776.031 
    2153	1747.031 
    2154	1716.094 
    2155	1686.687 
    2156	1661.406 
    2157	1635.000 
    2158	1622.875 
    2159	1618.562 
    2160	1658.125 
    2161	1578.281 
    2162	1520.969 
    2163	1484.875 
    2164	1458.500 
    2165	1433.812 
    2166	1428.094 
    2167	1419.562 
    2168	1388.687 
    2169	1351.187 
    2170	1317.437 
    2171	1287.250 
    2172	1265.187 
    2173	1246.219 
    2174	1227.156 
    2175	1211.781 
    2176	1193.281 
    2177	1171.062 
    2178	1161.062 
    2179	1148.500 
    2180	1168.656 
    2181	1130.125 
    2182	1097.781 
    2183	1075.937 
    2184	1065.375 
    2185	1054.187 
    2186	1048.500 
    2187	1043.094 
    2188	1029.906 
    2189	1012.469 
    2190	988.687  
    2191	967.562  
    2192	952.906  
    2193	943.437  
    2194	935.156  
    2195	926.281  
    2196	919.344  
    2197	915.656  
    2198	918.125  
    2199	910.156  
    2200	930.719  
    2201	918.781  
    2202	905.094  
    2203	895.219  
    2204	895.031  
    2205	895.125  
    2206	901.531  
    2207	904.812  
    2208	903.969  
    2209	899.375  
    2210	894.875  
    2211	889.750  
    2212	887.781  
    2213	888.406  
    2214	892.312  
    2215	894.875  
    2216	899.750  
    2217	903.344  
    2218	915.750  
    2219	919.562  
    2220	954.281  
    2221	952.187  
    2222	950.344  
    2223	950.906  
    2224	960.937  
    2225	969.594  
    2226	986.156  
    2227	1000.625 
    2228	1008.844 
    2229	1014.812 
    2230	1017.594 
    2231	1020.812 
    2232	1025.375 
    2233	1031.687 
    2234	1046.156 
    2235	1058.906 
    2236	1072.844 
    2237	1081.687 
    2238	1098.531 
    2239	1110.625 
    2240	1159.031 
    2241	1155.594 
    2242	1149.656 
    2243	1154.625 
    2244	1164.531 
    2245	1177.250 
    2246	1202.687 
    2247	1225.750 
    2248	1235.031 
    2249	1231.250 
    2250	1230.156 
    2251	1230.375 
    2252	1234.031 
    2253	1242.687 
    2254	1253.094 
    2255	1266.687 
    2256	1275.812 
    2257	1280.594 
    2258	1293.656 
    2259	1303.594 
    2260	1364.062 
    2261	1345.906 
    2262	1336.250 
    2263	1337.750 
    2264	1340.937 
    2265	1339.500 
    2266	1356.875 
    2267	1373.281 
    2268	1373.219 
    2269	1362.344 
    2270	1351.625 
    2271	1342.937 
    2272	1342.062 
    2273	1344.719 
    2274	1353.125 
    2275	1353.281 
    2276	1348.687 
    2277	1342.844 
    2278	1347.469 
    2279	1349.594 
    2280	1393.687 
    2281	1361.812 
    2282	1338.812 
    2283	1333.531 
    2284	1330.312 
    2285	1328.437 
    2286	1338.406 
    2287	1335.344 
    2288	1322.156 
    2289	1306.937 
    2290	1291.281 
    2291	1280.594 
    2292	1267.750 
    2293	1263.344 
    2294	1259.187 
    2295	1251.562 
    2296	1246.562 
    2297	1237.969 
    2298	1234.406 
    2299	1229.094 
    2300	1268.875 
    2301	1238.875 
    2302	1211.719 
    2303	1198.719 
    2304	1191.750 
    2305	1188.719 
    2306	1193.656 
    2307	1193.469 
    2308	1179.500 
    2309	1159.156 
    2310	1139.469 
    2311	1120.344 
    2312	1108.125 
    2313	1101.344 
    2314	1097.969 
    2315	1092.531 
    2316	1083.094 
    2317	1073.281 
    2318	1072.187 
    2319	1065.844 
    2320	1090.531 
    2321	1067.594 
    2322	1044.500 
    2323	1030.969 
    2324	1023.531 
    2325	1015.125 
    2326	1014.969 
    2327	1012.844 
    2328	1003.250 
    2329	988.719  
    2330	971.437  
    2331	954.687  
    2332	942.125  
    2333	933.750  
    2334	928.937  
    2335	923.594  
    2336	918.406  
    2337	910.125  
    2338	909.750  
    2339	902.031  
    2340	922.687  
    2341	906.562  
    2342	892.062  
    2343	881.719  
    2344	879.687  
    2345	876.625  
    2346	879.875  
    2347	881.781  
    2348	877.625  
    2349	869.969  
    2350	860.094  
    2351	851.469  
    2352	843.812  
    2353	840.844  
    2354	838.750  
    2355	836.312  
    2356	835.437  
    2357	834.406  
    2358	839.844  
    2359	834.875  
    2360	855.375  
    2361	848.031  
    2362	839.906  
    2363	835.094  
    2364	838.031  
    2365	841.125  
    2366	847.812  
    2367	851.406  
    2368	853.375  
    2369	852.844  
    2370	849.469  
    2371	845.375  
    2372	844.906  
    2373	845.781  
    2374	850.031  
    2375	854.937  
    2376	858.687  
    2377	861.469  
    2378	872.094  
    2379	875.187  
    2380	905.750  
    2381	901.906  
    2382	899.719  
    2383	899.969  
    2384	907.281  
    2385	913.312  
    2386	927.094  
    2387	938.969  
    2388	944.500  
    2389	944.031  
    2390	942.562  
    2391	942.906  
    2392	946.906  
    2393	950.406  
    2394	956.812  
    2395	965.125  
    2396	973.781  
    2397	978.969  
    2398	993.219  
    2399	1001.937 
    2400	1042.344 
    2401	1046.125 
    2402	1042.531 
    2403	1045.375 
    2404	1048.469 
    2405	1052.812 
    2406	1065.344 
    2407	1076.812 
    2408	1079.031 
    2409	1079.031 
    2410	1080.062 
    2411	1084.187 
    2412	1088.781 
    2413	1097.094 
    2414	1103.094 
    2415	1114.187 
    2416	1122.562 
    2417	1127.906 
    2418	1138.969 
    2419	1147.469 
    2420	1199.750 
    2421	1183.156 
    2422	1173.937 
    2423	1172.125 
    2424	1170.594 
    2425	1172.656 
    2426	1185.781 
    2427	1194.781 
    2428	1196.562 
    2429	1188.844 
    2430	1178.031 
    2431	1169.281 
    2432	1169.312 
    2433	1171.469 
    2434	1171.500 
    2435	1172.062 
    2436	1170.000 
    2437	1168.031 
    2438	1173.781 
    2439	1174.156 
    2440	1214.344 
    2441	1191.344 
    2442	1174.719 
    2443	1169.656 
    2444	1174.219 
    2445	1177.437 
    2446	1185.937 
    2447	1187.094 
    2448	1176.469 
    2449	1164.687 
    2450	1151.875 
    2451	1141.187 
    2452	1132.187 
    2453	1125.500 
    2454	1124.937 
    2455	1123.437 
    2456	1117.937 
    2457	1113.875 
    2458	1116.750 
    2459	1112.344 
    2460	1147.500 
    2461	1123.781 
    2462	1104.562 
    2463	1093.312 
    2464	1092.062 
    2465	1090.500 
    2466	1090.969 
    2467	1092.781 
    2468	1084.594 
    2469	1071.719 
    2470	1057.219 
    2471	1043.406 
    2472	1034.344 
    2473	1026.219 
    2474	1021.375 
    2475	1016.312 
    2476	1009.125 
    2477	1000.781 
    2478	997.719  
    2479	988.281  
    2480	1013.281 
    2481	995.719  
    2482	977.281  
    2483	964.562  
    2484	959.875  
    2485	955.344  
    2486	959.906  
    2487	961.562  
    2488	958.406  
    2489	951.094  
    2490	938.187  
    2491	925.312  
    2492	914.625  
    2493	906.406  
    2494	900.312  
    2495	895.187  
    2496	888.937  
    2497	883.844  
    2498	885.656  
    2499	878.219  
    2500	897.250  
    2501	883.344  
    2502	871.375  
    2503	860.844  
    2504	858.000  
    2505	855.125  
    2506	857.000  
    2507	858.719  
    2508	854.812  
    2509	845.844  
    2510	837.125  
    2511	828.844  
    2512	822.437  
    2513	818.125  
    2514	815.406  
    2515	812.875  
    2516	810.625  
    2517	806.656  
    2518	809.125  
    2519	803.156  
    2520	820.562  
    2521	811.750  
    2522	803.781  
    2523	796.250  
    2524	797.594  
    2525	798.937  
    2526	803.469  
    2527	806.469  
    2528	804.469  
    2529	799.531  
    2530	794.344  
    2531	789.469  
    2532	786.812  
    2533	785.906  
    2534	785.844  
    2535	784.531  
    2536	784.844  
    2537	784.469  
    2538	791.375  
    2539	788.531  
    2540	806.906  
    2541	801.312  
    2542	796.344  
    2543	793.344  
    2544	798.312  
    2545	801.750  
    2546	808.562  
    2547	815.656  
    2548	819.187  
    2549	818.219  
    2550	815.437  
    2551	812.469  
    2552	811.937  
    2553	813.906  
    2554	815.875  
    2555	819.250  
    2556	822.969  
    2557	826.906  
    2558	836.906  
    2559	836.937  
    2560	861.812  
    2561	858.937  
    2562	856.031  
    2563	853.781  
    2564	859.937  
    2565	867.406  
    2566	876.625  
    2567	885.562  
    2568	889.344  
    2569	888.094  
    2570	885.562  
    2571	883.062  
    2572	883.219  
    2573	886.656  
    2574	890.156  
    2575	894.250  
    2576	898.562  
    2577	902.281  
    2578	912.750  
    2579	913.812  
    2580	946.187  
    2581	941.344  
    2582	939.125  
    2583	938.156  
    2584	943.969  
    2585	948.906  
    2586	960.000  
    2587	969.906  
    2588	972.312  
    2589	967.656  
    2590	961.406  
    2591	956.562  
    2592	955.562  
    2593	959.125  
    2594	964.375  
    2595	969.125  
    2596	970.719  
    2597	970.062  
    2598	977.437  
    2599	978.812  
    2600	1010.187 
    2601	995.812  
    2602	983.969  
    2603	978.594  
    2604	983.625  
    2605	988.156  
    2606	996.406  
    2607	1005.000 
    2608	1008.969 
    2609	1002.875 
    2610	992.625  
    2611	985.344  
    2612	982.062  
    2613	978.625  
    2614	977.844  
    2615	979.625  
    2616	980.437  
    2617	980.937  
    2618	989.031  
    2619	987.469  
    2620	1017.062 
    2621	1005.812 
    2622	991.000  
    2623	981.656  
    2624	982.062  
    2625	981.844  
    2626	987.656  
    2627	990.437  
    2628	987.156  
    2629	978.656  
    2630	968.750  
    2631	958.312  
    2632	950.000  
    2633	943.594  
    2634	939.656  
    2635	938.531  
    2636	936.344  
    2637	933.094  
    2638	937.937  
    2639	933.187  
    2640	958.656  
    2641	946.750  
    2642	934.875  
    2643	924.969  
    2644	923.500  
    2645	920.969  
    2646	925.250  
    2647	926.875  
    2648	922.656  
    2649	916.375  
    2650	908.156  
    2651	899.406  
    2652	893.531  
    2653	887.000  
    2654	882.156  
    2655	877.937  
    2656	875.437  
    2657	870.250  
    2658	873.344  
    2659	867.094  
    2660	884.312  
    2661	870.906  
    2662	860.375  
    2663	851.094  
    2664	850.719  
    2665	850.844  
    2666	855.375  
    2667	856.562  
    2668	852.594  
    2669	843.969  
    2670	834.250  
    2671	825.969  
    2672	818.375  
    2673	813.625  
    2674	810.875  
    2675	807.906  
    2676	805.594  
    2677	802.531  
    2678	805.969  
    2679	799.937  
    2680	816.156  
    2681	807.937  
    2682	799.250  
    2683	792.250  
    2684	793.750  
    2685	793.875  
    2686	797.469  
    2687	798.812  
    2688	796.312  
    2689	788.750  
    2690	782.687  
    2691	776.187  
    2692	770.312  
    2693	767.531  
    2694	766.469  
    2695	764.812  
    2696	764.219  
    2697	763.156  
    2698	769.812  
    2699	764.844  
    2700	781.719  
    2701	775.281  
    2702	768.719  
    2703	763.469  
    2704	766.187  
    2705	767.437  
    2706	771.094  
    2707	774.750  
    2708	775.250  
    2709	771.625  
    2710	767.625  
    2711	763.750  
    2712	761.719  
    2713	761.062  
    2714	761.469  
    2715	763.062  
    2716	763.250  
    2717	764.719  
    2718	772.219  
    2719	768.500  
    2720	785.031  
    2721	780.094  
    2722	774.969  
    2723	771.500  
    2724	776.687  
    2725	781.656  
    2726	790.250  
    2727	794.781  
    2728	797.000  
    2729	795.969  
    2730	792.281  
    2731	789.844  
    2732	788.062  
    2733	787.719  
    2734	789.687  
    2735	791.187  
    2736	793.469  
    2737	795.000  
    2738	802.437  
    2739	799.656  
    2740	819.187  
    2741	814.500  
    2742	810.531  
    2743	807.844  
    2744	812.625  
    2745	816.000  
    2746	822.687  
    2747	828.625  
    2748	830.625  
    2749	828.625  
    2750	825.094  
    2751	822.750  
    2752	820.031  
    2753	818.875  
    2754	820.344  
    2755	823.031  
    2756	824.000  
    2757	825.562  
    2758	834.250  
    2759	832.844  
    2760	856.500  
    2761	850.500  
    2762	845.156  
    2763	840.031  
    2764	844.312  
    2765	846.750  
    2766	852.969  
    2767	858.062  
    2768	858.250  
    2769	854.250  
    2770	848.094  
    2771	842.875  
    2772	839.344  
    2773	838.469  
    2774	840.406  
    2775	840.719  
    2776	841.625  
    2777	840.094  
    2778	847.875  
    2779	845.875  
    2780	867.531  
    2781	858.281  
    2782	851.750  
    2783	846.062  
    2784	847.656  
    2785	848.844  
    2786	853.656  
    2787	856.156  
    2788	855.406  
    2789	849.250  
    2790	843.812  
    2791	839.625  
    2792	836.719  
    2793	834.812  
    2794	833.969  
    2795	832.406  
    2796	830.719  
    2797	830.437  
    2798	834.094  
    2799	830.344  
    2800	850.656  
    2801	841.906  
    2802	834.687  
    2803	828.125  
    2804	830.500  
    2805	830.875  
    2806	836.969  
    2807	837.750  
    2808	835.437  
    2809	831.219  
    2810	826.312  
    2811	817.937  
    2812	812.687  
    2813	809.781  
    2814	808.219  
    2815	806.594  
    2816	803.500  
    2817	800.250  
    2818	804.937  
    2819	798.750  
    2820	813.719  
    2821	806.719  
    2822	798.875  
    2823	791.969  
    2824	793.969  
    2825	794.031  
    2826	797.906  
    2827	799.906  
    2828	798.844  
    2829	793.281  
    2830	786.312  
    2831	781.312  
    2832	777.500  
    2833	775.031  
    2834	773.344  
    2835	772.625  
    2836	771.594  
    2837	768.656  
    2838	773.969  
    2839	768.250  
    2840	783.687  
    2841	778.250  
    2842	772.500  
    2843	767.344  
    2844	768.437  
    2845	769.875  
    2846	775.531  
    2847	778.250  
    2848	777.250  
    2849	772.844  
    2850	767.562  
    2851	760.656  
    2852	757.500  
    2853	755.344  
    2854	754.750  
    2855	754.469  
    2856	754.562  
    2857	754.250  
    2858	759.812  
    2859	755.531  
    2860	770.469  
    2861	765.687  
    2862	760.625  
    2863	755.625  
    2864	760.031  
    2865	763.344  
    2866	768.625  
    2867	771.812  
    2868	773.094  
    2869	769.969  
    2870	763.750  
    2871	758.875  
    2872	757.125  
    2873	754.812  
    2874	755.625  
    2875	756.781  
    2876	757.469  
    2877	756.219  
    2878	762.344  
    2879	758.781  
    2880	776.875  
    2881	773.531  
    2882	769.969  
    2883	764.937  
    2884	768.469  
    2885	771.437  
    2886	777.969  
    2887	783.375  
    2888	784.344  
    2889	783.031  
    2890	780.562  
    2891	777.187  
    2892	775.750  
    2893	775.344  
    2894	775.781  
    2895	777.312  
    2896	779.781  
    2897	780.031  
    2898	788.594  
    2899	786.375  
    2900	805.437  
    2901	800.281  
    2902	795.656  
    2903	789.656  
    2904	794.594  
    2905	795.906  
    2906	801.906  
    2907	807.250  
    2908	808.031  
    2909	806.094  
    2910	803.000  
    2911	800.094  
    2912	798.125  
    2913	797.906  
    2914	798.719  
    2915	799.562  
    2916	799.844  
    2917	799.594  
    2918	805.250  
    2919	801.469  
    2920	821.156  
    2921	815.000  
    2922	809.062  
    2923	803.906  
    2924	807.156  
    2925	810.969  
    2926	817.406  
    2927	821.844  
    2928	821.937  
    2929	818.812  
    2930	814.000  
    2931	809.250  
    2932	807.031  
    2933	805.656  
    2934	807.156  
    2935	807.687  
    2936	807.812  
    2937	806.094  
    2938	812.781  
    2939	810.125  
    2940	829.281  
    2941	821.969  
    2942	815.719  
    2943	811.406  
    2944	814.156  
    2945	816.656  
    2946	822.875  
    2947	826.344  
    2948	828.031  
    2949	824.344  
    2950	816.125  
    2951	811.125  
    2952	807.437  
    2953	804.000  
    2954	802.937  
    2955	803.156  
    2956	801.750  
    2957	800.937  
    2958	805.281  
    2959	800.375  
    2960	817.406  
    2961	810.000  
    2962	802.000  
    2963	796.062  
    2964	798.969  
    2965	801.187  
    2966	806.406  
    2967	810.219  
    2968	809.531  
    2969	806.719  
    2970	800.281  
    2971	794.937  
    2972	790.750  
    2973	787.531  
    2974	785.406  
    2975	783.687  
    2976	782.000  
    2977	778.625  
    2978	783.375  
    2979	777.812  
    2980	793.594  
    2981	786.594  
    2982	779.812  
    2983	774.125  
    2984	776.531  
    2985	777.969  
    2986	782.031  
    2987	784.406  
    2988	783.906  
    2989	779.094  
    2990	773.406  
    2991	768.125  
    2992	765.281  
    2993	762.656  
    2994	761.375  
    2995	759.812  
    2996	757.875  
    2997	756.812  
    2998	762.187  
    2999	757.812  
    3000	771.250  
    3001	766.469  
    3002	759.969  
    3003	753.875  
    3004	756.750  
    3005	758.531  
    3006	764.687  
    3007	767.375  
    3008	767.250  
    3009	762.062  
    3010	756.031  
    3011	751.312  
    3012	748.531  
    3013	746.500  
    3014	745.937  
    3015	744.594  
    3016	744.094  
    3017	742.906  
    3018	748.531  
    3019	745.125  
    3020	760.812  
    3021	755.937  
    3022	749.312  
    3023	742.375  
    3024	746.406  
    3025	749.125  
    3026	755.875  
    3027	758.906  
    3028	758.562  
    3029	755.375  
    3030	749.937  
    3031	744.531  
    3032	742.562  
    3033	740.625  
    3034	739.906  
    3035	740.062  
    3036	738.969  
    3037	739.531  
    3038	746.312  
    3039	742.469  
    3040	759.000  
    3041	755.281  
    3042	750.750  
    3043	747.187  
    3044	749.781  
    3045	752.812  
    3046	758.062  
    3047	762.344  
    3048	763.250  
    3049	759.906  
    3050	755.812  
    3051	753.281  
    3052	751.719  
    3053	750.750  
    3054	750.406  
    3055	751.281  
    3056	751.594  
    3057	751.781  
    3058	758.656  
    3059	755.437  
    3060	772.562  
    3061	769.531  
    3062	764.781  
    3063	759.031  
    3064	762.219  
    3065	766.406  
    3066	773.156  
    3067	777.875  
    3068	777.562  
    3069	774.969  
    3070	770.531  
    3071	766.562  
    3072	766.000  
    3073	765.281  
    3074	766.562  
    3075	767.062  
    3076	767.187  
    3077	767.687  
    3078	776.406  
    3079	773.406  
    3080	791.500  
    3081	786.625  
    3082	780.844  
    3083	775.875  
    3084	780.000  
    3085	782.625  
    3086	789.062  
    3087	793.437  
    3088	793.469  
    3089	788.250  
    3090	784.406  
    3091	781.125  
    3092	777.375  
    3093	775.781  
    3094	776.844  
    3095	777.312  
    3096	776.625  
    3097	777.187  
    3098	784.094  
    3099	780.812  
    3100	799.031  
    3101	794.500  
    3102	789.344  
    3103	783.500  
    3104	785.906  
    3105	788.656  
    3106	794.469  
    3107	798.719  
    3108	798.625  
    3109	794.094  
    3110	787.594  
    3111	782.625  
    3112	780.781  
    3113	778.750  
    3114	778.312  
    3115	777.531  
    3116	777.719  
    3117	775.469  
    3118	780.875  
    3119	776.625  
    3120	794.594  
    3121	788.281  
    3122	782.094  
    3123	776.375  
    3124	779.437  
    3125	781.062  
    3126	786.250  
    3127	790.156  
    3128	791.219  
    3129	787.875  
    3130	781.812  
    3131	775.531  
    3132	771.250  
    3133	768.437  
    3134	767.531  
    3135	766.781  
    3136	766.000  
    3137	763.625  
    3138	769.062  
    3139	762.469  
    3140	779.937  
    3141	774.812  
    3142	769.437  
    3143	762.594  
    3144	765.750  
    3145	767.437  
    3146	770.937  
    3147	772.687  
    3148	772.500  
    3149	768.156  
    3150	763.406  
    3151	759.625  
    3152	756.000  
    3153	752.906  
    3154	751.062  
    3155	750.531  
    3156	748.281  
    3157	746.750  
    3158	753.125  
    3159	748.219  
    3160	762.687  
    3161	757.500  
    3162	752.687  
    3163	745.750  
    3164	748.594  
    3165	751.000  
    3166	754.500  
    3167	757.375  
    3168	756.625  
    3169	754.000  
    3170	748.531  
    3171	743.781  
    3172	740.969  
    3173	739.906  
    3174	739.062  
    3175	739.562  
    3176	739.531  
    3177	740.156  
    3178	746.687  
    3179	741.812  
    3180	757.000  
    3181	751.531  
    3182	747.000  
    3183	740.531  
    3184	743.875  
    3185	746.937  
    3186	753.250  
    3187	756.531  
    3188	756.312  
    3189	752.875  
    3190	748.531  
    3191	744.156  
    3192	740.250  
    3193	738.969  
    3194	739.281  
    3195	739.750  
    3196	740.219  
    3197	739.750  
    3198	748.062  
    3199	744.031  
    3200	758.750  
    3201	753.969  
    3202	749.375  
    3203	742.625  
    3204	744.875  
    3205	747.781  
    3206	753.375  
    3207	757.344  
    3208	756.562  
    3209	753.719  
    3210	750.750  
    3211	746.500  
    3212	743.875  
    3213	742.625  
    3214	741.500  
    3215	743.125  
    3216	743.656  
    3217	744.250  
    3218	750.531  
    3219	746.875  
    3220	764.000  
    3221	759.125  
    3222	755.000  
    3223	749.406  
    3224	752.687  
    3225	755.437  
    3226	762.187  
    3227	765.625  
    3228	766.562  
    3229	764.000  
    3230	760.594  
    3231	757.719  
    3232	754.781  
    3233	753.875  
    3234	753.937  
    3235	754.031  
    3236	753.312  
    3237	753.750  
    3238	761.594  
    3239	759.062  
    3240	775.656  
    3241	770.437  
    3242	765.031  
    3243	760.031  
    3244	764.656  
    3245	767.906  
    3246	774.125  
    3247	778.031  
    3248	776.906  
    3249	772.844  
    3250	768.437  
    3251	764.531  
    3252	759.687  
    3253	757.594  
    3254	756.437  
    3255	756.187  
    3256	756.312  
    3257	755.281  
    3258	762.031  
    3259	759.094  
    3260	774.719  
    3261	769.094  
    3262	764.562  
    3263	758.844  
    3264	763.000  
    3265	765.281  
    3266	770.687  
    3267	773.750  
    3268	774.437  
    3269	771.156  
    3270	766.469  
    3271	761.750  
    3272	759.844  
    3273	758.000  
    3274	759.312  
    3275	760.406  
    3276	761.344  
    3277	759.812  
    3278	766.812  
    3279	762.594  
    3280	780.344  
    3281	775.000  
    3282	768.469  
    3283	761.406  
    3284	765.031  
    3285	767.719  
    3286	772.969  
    3287	776.062  
    3288	776.562  
    3289	772.062  
    3290	767.375  
    3291	763.656  
    3292	760.937  
    3293	759.437  
    3294	758.812  
    3295	757.375  
    3296	756.687  
    3297	755.219  
    3298	761.562  
    3299	756.656  
    3300	770.187  
    3301	763.937  
    3302	757.625  
    3303	751.250  
    3304	753.781  
    3305	754.875  
    3306	759.594  
    3307	762.750  
    3308	762.656  
    3309	759.750  
    3310	754.531  
    3311	749.437  
    3312	747.375  
    3313	745.844  
    3314	744.969  
    3315	745.000  
    3316	743.437  
    3317	742.125  
    3318	747.187  
    3319	742.406  
    3320	756.781  
    3321	751.969  
    3322	747.187  
    3323	740.844  
    3324	743.781  
    3325	746.500  
    3326	751.844  
    3327	754.750  
    3328	753.469  
    3329	750.344  
    3330	746.187  
    3331	742.344  
    3332	740.250  
    3333	738.219  
    3334	737.906  
    3335	737.594  
    3336	738.250  
    3337	738.219  
    3338	743.812  
    3339	738.375  
    3340	752.156  
    3341	748.375  
    3342	742.687  
    3343	736.969  
    3344	740.625  
    3345	744.062  
    3346	749.656  
    3347	753.312  
    3348	752.656  
    3349	750.281  
    3350	745.500  
    3351	740.750  
    3352	736.281  
    3353	734.250  
    3354	733.156  
    3355	732.500  
    3356	733.094  
    3357	733.344  
    3358	740.781  
    3359	737.219  
    3360	752.937  
    3361	748.875  
    3362	744.437  
    3363	738.844  
    3364	741.812  
    3365	744.969  
    3366	750.656  
    3367	754.500  
    3368	755.062  
    3369	752.469  
    3370	748.562  
    3371	744.594  
    3372	741.094  
    3373	740.437  
    3374	741.125  
    3375	741.781  
    3376	742.531  
    3377	744.531  
    3378	751.000  
    3379	748.187  
    3380	764.594  
    3381	759.937  
    3382	754.469  
    3383	749.594  
    3384	753.562  
    3385	756.781  
    3386	762.312  
    3387	765.844  
    3388	765.750  
    3389	763.625  
    3390	760.062  
    3391	755.312  
    3392	752.844  
    3393	751.031  
    3394	751.719  
    3395	752.344  
    3396	753.094  
    3397	752.375  
    3398	759.000  
    3399	754.750  
    3400	770.625  
    3401	766.156  
    3402	761.250  
    3403	756.531  
    3404	760.375  
    3405	762.594  
    3406	767.469  
    3407	770.781  
    3408	772.000  
    3409	769.812  
    3410	765.875  
    3411	763.000  
    3412	759.969  
    3413	758.469  
    3414	758.062  
    3415	758.719  
    3416	757.281  
    3417	756.000  
    3418	763.625  
    3419	759.219  
    3420	775.187  
    3421	770.187  
    3422	763.344  
    3423	757.812  
    3424	761.656  
    3425	764.500  
    3426	770.969  
    3427	775.219  
    3428	775.094  
    3429	771.500  
    3430	767.437  
    3431	762.562  
    3432	758.219  
    3433	756.969  
    3434	757.687  
    3435	757.937  
    3436	757.719  
    3437	756.969  
    3438	763.312  
    3439	757.687  
    3440	772.594  
    3441	766.937  
    3442	760.781  
    3443	754.500  
    3444	757.937  
    3445	759.562  
    3446	766.094  
    3447	768.875  
    3448	768.344  
    3449	765.469  
    3450	761.125  
    3451	756.781  
    3452	754.344  
    3453	752.406  
    3454	750.750  
    3455	750.562  
    3456	749.906  
    3457	747.969  
    3458	754.500  
    3459	750.656  
    3460	764.656  
    3461	760.750  
    3462	755.406  
    3463	749.406  
    3464	753.437  
    3465	754.875  
    3466	759.844  
    3467	762.125  
    3468	761.469  
    3469	758.156  
    3470	753.344  
    3471	748.062  
    3472	743.625  
    3473	741.437  
    3474	740.344  
    3475	739.687  
    3476	739.594  
    3477	737.875  
    3478	743.969  
    3479	740.094  
    3480	755.531  
    3481	752.250  
    3482	746.375  
    3483	739.906  
    3484	742.812  
    3485	743.906  
    3486	749.562  
    3487	751.406  
    3488	750.281  
    3489	746.469  
    3490	742.469  
    3491	738.094  
    3492	736.156  
    3493	735.812  
    3494	735.906  
    3495	734.750  
    3496	734.906  
    3497	734.250  
    3498	740.375  
    3499	735.594  
    3500	748.781  
    3501	744.437  
    3502	739.281  
    3503	732.437  
    3504	735.969  
    3505	738.469  
    3506	742.406  
    3507	744.000  
    3508	744.625  
    3509	741.562  
    3510	737.875  
    3511	733.344  
    3512	731.531  
    3513	730.406  
    3514	729.844  
    3515	728.437  
    3516	728.031  
    3517	726.937  
    3518	733.500  
    3519	729.812  
    3520	743.312  
    3521	738.562  
    3522	734.375  
    3523	729.250  
    3524	732.812  
    3525	735.875  
    3526	741.531  
    3527	744.625  
    3528	744.687  
    3529	741.094  
    3530	736.844  
    3531	734.062  
    3532	732.156  
    3533	731.062  
    3534	729.812  
    3535	730.281  
    3536	731.781  
    3537	730.531  
    3538	737.094  
    3539	733.594  
    3540	749.937  
    3541	746.687  
    3542	740.812  
    3543	735.469  
    3544	740.000  
    3545	743.375  
    3546	750.094  
    3547	753.969  
    3548	754.250  
    3549	750.406  
    3550	747.344  
    3551	743.937  
    3552	741.937  
    3553	740.312  
    3554	740.719  
    3555	741.437  
    3556	741.312  
    3557	741.156  
    3558	747.219  
    3559	742.719  
    3560	758.156  
    3561	753.937  
    3562	748.750  
    3563	743.156  
    3564	747.750  
    3565	751.031  
    3566	757.469  
    3567	761.000  
    3568	761.062  
    3569	757.750  
    3570	752.094  
    3571	747.844  
    3572	745.344  
    3573	743.625  
    3574	742.875  
    3575	742.812  
    3576	741.562  
    3577	741.062  
    3578	748.781  
    3579	746.031  
    3580	762.656  
    3581	757.625  
    3582	752.281  
    3583	745.344  
    3584	747.562  
    3585	750.406  
    3586	756.531  
    3587	760.187  
    3588	759.250  
    3589	755.219  
    3590	751.187  
    3591	746.594  
    3592	743.719  
    3593	741.500  
    3594	742.406  
    3595	741.031  
    3596	740.156  
    3597	739.187  
    3598	745.969  
    3599	743.406  
    3600	758.375  
    3601	753.656  
    3602	748.812  
    3603	742.750  
    3604	746.312  
    3605	749.219  
    3606	755.031  
    3607	757.437  
    3608	756.812  
    3609	752.594  
    3610	747.875  
    3611	742.875  
    3612	739.437  
    3613	737.281  
    3614	736.687  
    3615	737.469  
    3616	735.781  
    3617	734.906  
    3618	741.500  
    3619	736.906  
    3620	751.094  
    3621	746.031  
    3622	740.406  
    3623	734.281  
    3624	736.687  
    3625	738.875  
    3626	744.375  
    3627	748.875  
    3628	747.594  
    3629	743.219  
    3630	738.562  
    3631	735.187  
    3632	732.406  
    3633	730.656  
    3634	729.531  
    3635	728.687  
    3636	727.625  
    3637	726.906  
    3638	733.750  
    3639	730.781  
    3640	745.187  
    3641	741.437  
    3642	736.062  
    3643	728.969  
    3644	733.031  
    3645	735.562  
    3646	740.969  
    3647	744.562  
#  ***END
