#  JIO#
#  Name of dataset:	
#  Generating program:	Fresn-Main-AD2-v1.vi
#  Saved on file:	17-6-2025	13:55
#  Total number of sections:	1
#  ***SECTION	Dataset
#  *FREE
#  Model: CCD-S3600-D(-UV)
#  Hardware Revision: A1.00
#  Firmware Revision: A1.10
#  Serial Number:   015035288C33EBB5
#  type apertuur:
#  *PARA
#  n			aantal spleten 
#  a		mm	afstand tussen spleten 
#  b		mm	breedte spleten
#  l		m	Golflengte 
#  d	0	m	afstand puntbron tot apertuur
#  lB		m	afstand bronlens tot apertuur
#  fB		m	brandpuntsafstand bronlens
#  s	0	m	afstand apertuur tot scherm 
#  lS	 	m	afstand  apertuur tot schermlens 
#  fS		m	brandpuntsafstand schermlens 
#  p	8	um	Sensor Pixel Pitch
#  U	2.30	V	Voltage_Laserdiode
#  T	20	us	Integration Time
#  n	32		Scans per Acquisition
#  HwC	Off		Hardware Dark Correction
#  *DATA	3648	rows	2	columns
#  Index   	Averages
       0	482.500  
       1	496.312  
       2	509.031  
       3	519.500  
       4	537.625  
       5	555.437  
       6	574.437  
       7	590.469  
       8	601.000  
       9	607.281  
      10	612.219  
      11	615.812  
      12	620.062  
      13	623.687  
      14	629.281  
      15	634.250  
      16	637.844  
      17	641.844  
      18	652.937  
      19	652.187  
      20	666.187  
      21	666.750  
      22	666.844  
      23	663.687  
      24	669.875  
      25	675.000  
      26	682.031  
      27	687.031  
      28	690.281  
      29	690.594  
      30	690.125  
      31	689.625  
      32	689.156  
      33	690.031  
      34	690.937  
      35	692.031  
      36	692.750  
      37	692.844  
      38	699.406  
      39	696.094  
      40	708.594  
      41	704.969  
      42	701.531  
      43	696.406  
      44	700.594  
      45	704.281  
      46	710.656  
      47	714.281  
      48	714.406  
      49	712.187  
      50	708.937  
      51	706.437  
      52	704.719  
      53	702.250  
      54	701.656  
      55	701.781  
      56	701.969  
      57	701.469  
      58	707.812  
      59	702.375  
      60	714.812  
      61	711.312  
      62	706.719  
      63	700.875  
      64	703.375  
      65	705.375  
      66	710.094  
      67	712.750  
      68	711.406  
      69	708.687  
      70	705.250  
      71	701.906  
      72	700.406  
      73	697.937  
      74	697.906  
      75	698.031  
      76	696.969  
      77	695.937  
      78	702.531  
      79	698.406  
      80	710.125  
      81	705.531  
      82	701.125  
      83	694.750  
      84	697.156  
      85	700.156  
      86	703.750  
      87	705.437  
      88	704.562  
      89	701.469  
      90	696.844  
      91	692.062  
      92	689.312  
      93	687.406  
      94	687.031  
      95	686.844  
      96	686.281  
      97	685.500  
      98	692.469  
      99	687.781  
     100	699.531  
     101	695.344  
     102	691.531  
     103	684.906  
     104	687.687  
     105	689.844  
     106	694.281  
     107	697.312  
     108	697.562  
     109	694.687  
     110	692.437  
     111	689.000  
     112	687.250  
     113	685.844  
     114	684.875  
     115	683.406  
     116	683.406  
     117	683.437  
     118	690.187  
     119	686.125  
     120	698.250  
     121	694.469  
     122	691.000  
     123	685.281  
     124	688.875  
     125	691.000  
     126	696.281  
     127	700.312  
     128	701.500  
     129	699.594  
     130	697.281  
     131	695.125  
     132	693.219  
     133	691.781  
     134	691.594  
     135	691.750  
     136	692.062  
     137	691.000  
     138	698.125  
     139	694.125  
     140	706.844  
     141	704.062  
     142	700.500  
     143	695.000  
     144	697.937  
     145	700.281  
     146	705.500  
     147	709.406  
     148	710.781  
     149	708.937  
     150	705.625  
     151	703.250  
     152	702.094  
     153	702.469  
     154	702.812  
     155	704.156  
     156	704.312  
     157	703.625  
     158	711.156  
     159	705.844  
     160	718.531  
     161	715.469  
     162	711.187  
     163	705.906  
     164	709.187  
     165	712.281  
     166	718.469  
     167	722.719  
     168	722.719  
     169	718.937  
     170	716.437  
     171	714.125  
     172	712.344  
     173	712.500  
     174	712.562  
     175	713.781  
     176	713.531  
     177	712.781  
     178	718.937  
     179	714.812  
     180	727.750  
     181	723.000  
     182	718.125  
     183	713.219  
     184	716.375  
     185	718.906  
     186	725.219  
     187	726.875  
     188	727.062  
     189	723.687  
     190	718.937  
     191	714.750  
     192	712.094  
     193	710.625  
     194	710.531  
     195	710.625  
     196	710.312  
     197	708.875  
     198	714.719  
     199	710.250  
     200	723.344  
     201	718.687  
     202	714.594  
     203	709.031  
     204	712.656  
     205	715.000  
     206	719.750  
     207	722.656  
     208	721.219  
     209	717.906  
     210	713.594  
     211	708.562  
     212	706.062  
     213	703.906  
     214	702.281  
     215	701.031  
     216	700.062  
     217	699.344  
     218	705.219  
     219	700.750  
     220	712.500  
     221	707.906  
     222	702.562  
     223	696.187  
     224	698.469  
     225	700.812  
     226	704.906  
     227	707.062  
     228	707.562  
     229	705.125  
     230	700.969  
     231	697.125  
     232	694.625  
     233	693.437  
     234	692.562  
     235	691.562  
     236	690.500  
     237	689.719  
     238	696.656  
     239	692.750  
     240	704.687  
     241	701.844  
     242	696.094  
     243	690.281  
     244	692.844  
     245	694.500  
     246	699.562  
     247	702.531  
     248	701.781  
     249	699.781  
     250	696.469  
     251	692.969  
     252	691.625  
     253	690.969  
     254	690.062  
     255	689.875  
     256	690.406  
     257	690.719  
     258	697.187  
     259	693.437  
     260	705.656  
     261	702.500  
     262	699.125  
     263	693.969  
     264	697.844  
     265	701.531  
     266	706.875  
     267	710.562  
     268	711.656  
     269	709.219  
     270	705.781  
     271	702.281  
     272	700.687  
     273	699.531  
     274	699.187  
     275	699.219  
     276	699.812  
     277	699.562  
     278	706.937  
     279	704.031  
     280	716.781  
     281	713.687  
     282	709.719  
     283	705.281  
     284	710.250  
     285	713.937  
     286	720.000  
     287	724.094  
     288	724.312  
     289	723.312  
     290	718.906  
     291	716.125  
     292	715.094  
     293	715.125  
     294	715.375  
     295	716.219  
     296	717.000  
     297	718.062  
     298	724.875  
     299	721.437  
     300	736.500  
     301	732.562  
     302	727.875  
     303	723.469  
     304	726.937  
     305	730.250  
     306	736.031  
     307	740.000  
     308	740.250  
     309	737.750  
     310	733.844  
     311	729.500  
     312	726.344  
     313	724.187  
     314	723.406  
     315	724.375  
     316	724.625  
     317	723.531  
     318	730.094  
     319	725.531  
     320	740.062  
     321	734.906  
     322	730.531  
     323	724.594  
     324	727.625  
     325	729.375  
     326	733.625  
     327	737.000  
     328	735.969  
     329	732.531  
     330	728.750  
     331	724.406  
     332	721.531  
     333	720.219  
     334	719.750  
     335	718.625  
     336	717.875  
     337	716.781  
     338	723.500  
     339	718.750  
     340	731.812  
     341	726.875  
     342	721.844  
     343	716.031  
     344	720.812  
     345	722.406  
     346	726.437  
     347	728.969  
     348	728.906  
     349	726.125  
     350	721.156  
     351	715.969  
     352	712.062  
     353	710.062  
     354	708.906  
     355	709.281  
     356	708.562  
     357	706.875  
     358	712.469  
     359	708.125  
     360	720.594  
     361	716.719  
     362	712.344  
     363	707.156  
     364	709.125  
     365	710.781  
     366	714.062  
     367	715.187  
     368	714.344  
     369	711.562  
     370	707.437  
     371	702.906  
     372	700.094  
     373	698.031  
     374	697.719  
     375	697.469  
     376	696.906  
     377	695.906  
     378	703.625  
     379	699.469  
     380	712.375  
     381	707.687  
     382	703.000  
     383	696.719  
     384	700.062  
     385	703.969  
     386	709.062  
     387	712.187  
     388	712.031  
     389	708.469  
     390	704.594  
     391	701.031  
     392	699.375  
     393	698.781  
     394	699.375  
     395	700.437  
     396	700.469  
     397	700.625  
     398	707.281  
     399	703.156  
     400	715.969  
     401	713.812  
     402	711.125  
     403	707.125  
     404	711.406  
     405	713.156  
     406	718.219  
     407	722.031  
     408	722.656  
     409	720.500  
     410	716.406  
     411	713.062  
     412	712.656  
     413	713.250  
     414	714.375  
     415	714.906  
     416	714.187  
     417	713.594  
     418	721.812  
     419	719.031  
     420	734.406  
     421	731.406  
     422	728.187  
     423	723.375  
     424	727.719  
     425	730.406  
     426	736.344  
     427	740.875  
     428	741.656  
     429	739.781  
     430	736.625  
     431	732.969  
     432	731.250  
     433	730.250  
     434	730.281  
     435	730.625  
     436	731.562  
     437	731.937  
     438	739.000  
     439	734.781  
     440	749.750  
     441	745.344  
     442	741.156  
     443	736.062  
     444	740.687  
     445	743.437  
     446	748.031  
     447	751.062  
     448	750.781  
     449	748.687  
     450	745.500  
     451	742.031  
     452	739.531  
     453	739.656  
     454	740.500  
     455	741.375  
     456	741.031  
     457	739.719  
     458	746.625  
     459	741.562  
     460	757.094  
     461	753.062  
     462	748.125  
     463	742.312  
     464	745.562  
     465	747.812  
     466	753.875  
     467	758.094  
     468	758.187  
     469	754.000  
     470	748.719  
     471	743.906  
     472	740.375  
     473	738.906  
     474	738.000  
     475	737.594  
     476	737.187  
     477	736.750  
     478	742.562  
     479	737.437  
     480	750.281  
     481	744.375  
     482	737.281  
     483	730.375  
     484	732.312  
     485	734.500  
     486	739.000  
     487	741.781  
     488	740.594  
     489	737.375  
     490	733.250  
     491	729.937  
     492	726.875  
     493	723.812  
     494	723.281  
     495	722.719  
     496	721.219  
     497	719.969  
     498	725.594  
     499	721.406  
     500	734.906  
     501	730.719  
     502	725.344  
     503	718.562  
     504	721.781  
     505	723.781  
     506	728.344  
     507	730.469  
     508	727.812  
     509	724.469  
     510	720.500  
     511	716.406  
     512	713.875  
     513	712.875  
     514	713.125  
     515	712.875  
     516	712.531  
     517	711.594  
     518	718.312  
     519	712.812  
     520	726.219  
     521	721.937  
     522	717.781  
     523	711.625  
     524	715.125  
     525	717.781  
     526	722.406  
     527	725.750  
     528	725.406  
     529	722.250  
     530	718.156  
     531	714.469  
     532	713.406  
     533	712.594  
     534	713.375  
     535	713.062  
     536	713.562  
     537	712.937  
     538	721.344  
     539	718.906  
     540	733.219  
     541	731.187  
     542	726.781  
     543	722.125  
     544	727.250  
     545	730.969  
     546	737.312  
     547	742.312  
     548	742.406  
     549	739.219  
     550	736.750  
     551	733.781  
     552	732.937  
     553	733.187  
     554	733.312  
     555	734.437  
     556	734.687  
     557	735.031  
     558	742.781  
     559	739.375  
     560	756.156  
     561	752.469  
     562	748.219  
     563	744.625  
     564	747.656  
     565	752.344  
     566	758.062  
     567	764.156  
     568	765.531  
     569	762.906  
     570	759.656  
     571	756.969  
     572	755.406  
     573	755.500  
     574	755.969  
     575	755.937  
     576	756.969  
     577	758.656  
     578	767.312  
     579	763.344  
     580	781.594  
     581	777.937  
     582	771.719  
     583	765.875  
     584	769.312  
     585	772.125  
     586	776.781  
     587	779.812  
     588	780.062  
     589	778.031  
     590	773.969  
     591	769.250  
     592	765.719  
     593	763.375  
     594	761.875  
     595	762.000  
     596	761.469  
     597	762.094  
     598	769.375  
     599	763.844  
     600	779.937  
     601	773.750  
     602	768.375  
     603	761.937  
     604	765.000  
     605	767.250  
     606	771.187  
     607	773.781  
     608	773.906  
     609	770.937  
     610	767.906  
     611	761.937  
     612	757.531  
     613	754.875  
     614	753.750  
     615	751.656  
     616	751.156  
     617	749.906  
     618	754.969  
     619	749.750  
     620	764.781  
     621	759.875  
     622	754.375  
     623	748.562  
     624	750.625  
     625	751.750  
     626	755.969  
     627	758.719  
     628	757.500  
     629	752.875  
     630	746.812  
     631	741.062  
     632	738.125  
     633	736.094  
     634	735.125  
     635	734.687  
     636	732.875  
     637	731.437  
     638	737.437  
     639	731.937  
     640	746.844  
     641	742.906  
     642	737.937  
     643	732.406  
     644	735.250  
     645	737.375  
     646	742.437  
     647	745.187  
     648	744.469  
     649	741.250  
     650	736.656  
     651	732.469  
     652	729.719  
     653	728.875  
     654	728.562  
     655	729.281  
     656	730.062  
     657	730.375  
     658	736.687  
     659	732.750  
     660	747.219  
     661	741.312  
     662	736.250  
     663	730.969  
     664	733.719  
     665	735.750  
     666	741.406  
     667	744.687  
     668	745.281  
     669	742.937  
     670	738.312  
     671	735.500  
     672	732.906  
     673	731.562  
     674	731.156  
     675	732.406  
     676	733.312  
     677	733.375  
     678	740.281  
     679	738.094  
     680	754.844  
     681	751.906  
     682	749.594  
     683	746.406  
     684	749.750  
     685	752.719  
     686	759.750  
     687	765.000  
     688	766.406  
     689	763.594  
     690	761.156  
     691	757.656  
     692	753.500  
     693	753.469  
     694	753.750  
     695	755.937  
     696	758.812  
     697	760.687  
     698	769.125  
     699	765.719  
     700	783.812  
     701	778.750  
     702	774.000  
     703	769.844  
     704	776.219  
     705	779.875  
     706	787.062  
     707	793.406  
     708	794.906  
     709	792.500  
     710	787.406  
     711	784.062  
     712	782.000  
     713	781.344  
     714	783.187  
     715	784.375  
     716	784.906  
     717	783.500  
     718	790.594  
     719	786.719  
     720	803.656  
     721	798.562  
     722	794.312  
     723	789.031  
     724	793.562  
     725	796.875  
     726	803.906  
     727	807.469  
     728	808.156  
     729	804.250  
     730	799.437  
     731	794.625  
     732	791.094  
     733	788.687  
     734	788.312  
     735	787.937  
     736	787.031  
     737	785.437  
     738	790.125  
     739	785.344  
     740	802.625  
     741	796.437  
     742	790.375  
     743	783.625  
     744	785.750  
     745	787.781  
     746	793.687  
     747	796.906  
     748	796.469  
     749	789.000  
     750	781.875  
     751	776.937  
     752	773.594  
     753	770.844  
     754	769.250  
     755	768.687  
     756	767.000  
     757	765.187  
     758	769.906  
     759	764.781  
     760	779.125  
     761	772.687  
     762	767.187  
     763	760.156  
     764	761.875  
     765	763.062  
     766	767.156  
     767	769.281  
     768	768.187  
     769	763.437  
     770	758.625  
     771	753.250  
     772	749.250  
     773	745.562  
     774	743.312  
     775	742.437  
     776	741.812  
     777	740.125  
     778	746.750  
     779	741.937  
     780	755.969  
     781	750.656  
     782	745.187  
     783	738.125  
     784	740.625  
     785	742.844  
     786	747.031  
     787	750.656  
     788	749.875  
     789	745.594  
     790	740.781  
     791	737.500  
     792	735.937  
     793	734.812  
     794	734.562  
     795	735.125  
     796	735.750  
     797	735.500  
     798	741.781  
     799	737.594  
     800	752.719  
     801	748.656  
     802	743.844  
     803	739.187  
     804	744.000  
     805	747.937  
     806	754.187  
     807	758.500  
     808	759.094  
     809	756.937  
     810	753.594  
     811	750.219  
     812	748.562  
     813	748.750  
     814	749.687  
     815	750.437  
     816	751.656  
     817	754.625  
     818	762.750  
     819	760.656  
     820	779.125  
     821	776.375  
     822	773.562  
     823	769.437  
     824	774.406  
     825	779.812  
     826	788.469  
     827	793.625  
     828	794.625  
     829	792.531  
     830	789.656  
     831	786.812  
     832	785.094  
     833	785.344  
     834	786.844  
     835	788.219  
     836	791.062  
     837	791.687  
     838	799.937  
     839	797.719  
     840	817.937  
     841	812.031  
     842	807.750  
     843	804.156  
     844	809.969  
     845	813.875  
     846	821.719  
     847	828.750  
     848	830.031  
     849	827.125  
     850	823.719  
     851	819.750  
     852	817.250  
     853	817.125  
     854	817.469  
     855	817.656  
     856	818.687  
     857	817.531  
     858	825.000  
     859	821.812  
     860	841.656  
     861	834.625  
     862	826.500  
     863	821.125  
     864	824.469  
     865	828.750  
     866	834.281  
     867	839.125  
     868	838.125  
     869	835.219  
     870	829.937  
     871	823.750  
     872	818.687  
     873	814.344  
     874	812.250  
     875	811.344  
     876	811.187  
     877	809.281  
     878	815.531  
     879	813.156  
     880	830.875  
     881	822.687  
     882	813.937  
     883	806.312  
     884	808.687  
     885	809.531  
     886	814.187  
     887	815.344  
     888	814.094  
     889	806.687  
     890	800.937  
     891	794.719  
     892	790.000  
     893	785.844  
     894	784.344  
     895	783.562  
     896	782.500  
     897	780.750  
     898	785.969  
     899	780.187  
     900	795.500  
     901	786.750  
     902	779.844  
     903	772.187  
     904	773.125  
     905	774.781  
     906	778.562  
     907	781.156  
     908	779.937  
     909	775.062  
     910	769.531  
     911	765.000  
     912	761.031  
     913	758.375  
     914	756.969  
     915	757.062  
     916	756.187  
     917	755.312  
     918	762.094  
     919	756.187  
     920	771.344  
     921	764.969  
     922	759.750  
     923	753.406  
     924	757.062  
     925	758.906  
     926	764.219  
     927	767.812  
     928	769.031  
     929	765.500  
     930	760.406  
     931	755.875  
     932	753.750  
     933	751.656  
     934	751.812  
     935	752.812  
     936	753.844  
     937	755.250  
     938	764.281  
     939	760.375  
     940	777.594  
     941	774.687  
     942	769.281  
     943	765.437  
     944	770.219  
     945	775.250  
     946	783.125  
     947	788.000  
     948	788.187  
     949	785.562  
     950	781.594  
     951	778.656  
     952	777.687  
     953	779.281  
     954	782.687  
     955	784.562  
     956	788.312  
     957	789.656  
     958	798.125  
     959	797.469  
     960	818.844  
     961	814.625  
     962	811.781  
     963	808.344  
     964	815.094  
     965	820.031  
     966	829.281  
     967	835.812  
     968	839.906  
     969	837.406  
     970	833.031  
     971	829.969  
     972	829.281  
     973	830.562  
     974	833.281  
     975	835.875  
     976	839.625  
     977	839.500  
     978	848.781  
     979	848.125  
     980	871.906  
     981	866.531  
     982	861.344  
     983	855.187  
     984	858.781  
     985	863.000  
     986	871.844  
     987	879.437  
     988	880.625  
     989	877.156  
     990	873.031  
     991	869.031  
     992	867.219  
     993	866.469  
     994	866.750  
     995	866.812  
     996	866.594  
     997	867.062  
     998	873.437  
     999	870.969  
    1000	895.375  
    1001	887.687  
    1002	879.594  
    1003	873.000  
    1004	876.219  
    1005	877.000  
    1006	882.625  
    1007	887.437  
    1008	886.687  
    1009	880.094  
    1010	872.500  
    1011	865.594  
    1012	860.625  
    1013	858.375  
    1014	857.812  
    1015	855.875  
    1016	854.906  
    1017	851.250  
    1018	855.156  
    1019	849.719  
    1020	869.312  
    1021	859.562  
    1022	849.219  
    1023	841.375  
    1024	843.437  
    1025	844.812  
    1026	847.375  
    1027	848.969  
    1028	845.375  
    1029	837.750  
    1030	830.719  
    1031	823.719  
    1032	819.062  
    1033	815.937  
    1034	813.031  
    1035	810.094  
    1036	807.812  
    1037	804.062  
    1038	807.344  
    1039	801.500  
    1040	819.094  
    1041	810.625  
    1042	801.625  
    1043	794.687  
    1044	796.625  
    1045	797.625  
    1046	801.937  
    1047	802.531  
    1048	801.000  
    1049	795.125  
    1050	788.250  
    1051	783.562  
    1052	779.500  
    1053	776.406  
    1054	774.500  
    1055	773.562  
    1056	772.687  
    1057	771.312  
    1058	778.375  
    1059	774.625  
    1060	791.937  
    1061	785.656  
    1062	779.656  
    1063	774.219  
    1064	776.250  
    1065	777.500  
    1066	782.844  
    1067	787.031  
    1068	788.375  
    1069	785.656  
    1070	781.750  
    1071	778.656  
    1072	777.250  
    1073	777.437  
    1074	779.594  
    1075	782.719  
    1076	785.875  
    1077	786.656  
    1078	794.406  
    1079	792.562  
    1080	813.219  
    1081	809.906  
    1082	805.625  
    1083	802.562  
    1084	809.406  
    1085	815.625  
    1086	823.500  
    1087	829.937  
    1088	833.719  
    1089	833.875  
    1090	832.344  
    1091	830.750  
    1092	830.156  
    1093	832.344  
    1094	836.281  
    1095	839.625  
    1096	842.406  
    1097	847.812  
    1098	858.937  
    1099	860.156  
    1100	887.469  
    1101	882.562  
    1102	878.875  
    1103	877.344  
    1104	883.656  
    1105	889.531  
    1106	901.875  
    1107	912.969  
    1108	915.187  
    1109	914.094  
    1110	909.406  
    1111	905.281  
    1112	902.656  
    1113	903.531  
    1114	907.437  
    1115	912.312  
    1116	916.219  
    1117	918.750  
    1118	927.625  
    1119	928.594  
    1120	959.031  
    1121	950.781  
    1122	941.719  
    1123	936.844  
    1124	942.312  
    1125	946.344  
    1126	955.844  
    1127	963.750  
    1128	963.312  
    1129	955.094  
    1130	945.906  
    1131	940.469  
    1132	939.062  
    1133	938.375  
    1134	938.312  
    1135	936.187  
    1136	934.750  
    1137	932.281  
    1138	937.469  
    1139	935.031  
    1140	963.687  
    1141	951.437  
    1142	939.625  
    1143	930.937  
    1144	930.375  
    1145	931.750  
    1146	938.031  
    1147	943.250  
    1148	941.281  
    1149	932.344  
    1150	922.312  
    1151	911.437  
    1152	904.312  
    1153	899.656  
    1154	897.875  
    1155	894.937  
    1156	890.437  
    1157	887.969  
    1158	891.219  
    1159	885.812  
    1160	905.719  
    1161	892.344  
    1162	881.219  
    1163	870.875  
    1164	870.750  
    1165	868.437  
    1166	872.344  
    1167	874.625  
    1168	871.312  
    1169	862.031  
    1170	851.469  
    1171	841.781  
    1172	835.656  
    1173	831.344  
    1174	826.500  
    1175	821.781  
    1176	819.219  
    1177	815.469  
    1178	819.375  
    1179	812.969  
    1180	830.344  
    1181	822.375  
    1182	812.062  
    1183	802.844  
    1184	802.719  
    1185	803.937  
    1186	808.437  
    1187	812.969  
    1188	809.844  
    1189	803.844  
    1190	798.469  
    1191	790.562  
    1192	786.000  
    1193	786.000  
    1194	784.094  
    1195	783.812  
    1196	783.906  
    1197	783.000  
    1198	789.750  
    1199	787.125  
    1200	805.687  
    1201	800.781  
    1202	796.406  
    1203	793.937  
    1204	798.906  
    1205	803.750  
    1206	811.969  
    1207	817.250  
    1208	819.844  
    1209	819.094  
    1210	814.969  
    1211	814.000  
    1212	814.531  
    1213	815.875  
    1214	819.281  
    1215	824.344  
    1216	826.531  
    1217	830.437  
    1218	840.031  
    1219	841.281  
    1220	867.969  
    1221	865.187  
    1222	863.250  
    1223	863.937  
    1224	874.312  
    1225	883.437  
    1226	896.969  
    1227	908.562  
    1228	913.781  
    1229	913.344  
    1230	912.781  
    1231	912.000  
    1232	912.781  
    1233	916.031  
    1234	921.344  
    1235	927.562  
    1236	933.062  
    1237	940.062  
    1238	955.344  
    1239	962.281  
    1240	999.750  
    1241	995.000  
    1242	992.281  
    1243	992.656  
    1244	1000.906 
    1245	1012.594 
    1246	1032.062 
    1247	1052.125 
    1248	1063.344 
    1249	1060.500 
    1250	1055.156 
    1251	1050.750 
    1252	1047.812 
    1253	1051.000 
    1254	1055.281 
    1255	1058.594 
    1256	1064.437 
    1257	1065.812 
    1258	1079.844 
    1259	1084.125 
    1260	1126.937 
    1261	1112.031 
    1262	1100.094 
    1263	1093.969 
    1264	1098.844 
    1265	1101.781 
    1266	1113.406 
    1267	1121.469 
    1268	1124.094 
    1269	1117.156 
    1270	1103.625 
    1271	1095.344 
    1272	1091.500 
    1273	1092.312 
    1274	1089.875 
    1275	1087.875 
    1276	1085.937 
    1277	1079.875 
    1278	1084.625 
    1279	1082.125 
    1280	1114.719 
    1281	1093.281 
    1282	1076.156 
    1283	1068.062 
    1284	1066.406 
    1285	1067.594 
    1286	1074.625 
    1287	1077.437 
    1288	1069.656 
    1289	1057.406 
    1290	1039.656 
    1291	1024.187 
    1292	1012.719 
    1293	1003.187 
    1294	995.344  
    1295	988.344  
    1296	985.625  
    1297	977.531  
    1298	977.656  
    1299	970.719  
    1300	998.031  
    1301	978.969  
    1302	962.375  
    1303	950.531  
    1304	946.500  
    1305	943.500  
    1306	947.094  
    1307	946.937  
    1308	942.937  
    1309	932.437  
    1310	918.469  
    1311	906.250  
    1312	897.156  
    1313	890.500  
    1314	885.000  
    1315	881.719  
    1316	877.469  
    1317	874.062  
    1318	876.344  
    1319	868.437  
    1320	887.531  
    1321	876.781  
    1322	866.531  
    1323	858.062  
    1324	858.500  
    1325	860.219  
    1326	866.656  
    1327	869.312  
    1328	868.437  
    1329	863.937  
    1330	857.562  
    1331	851.375  
    1332	847.344  
    1333	845.500  
    1334	845.406  
    1335	846.187  
    1336	847.469  
    1337	847.719  
    1338	856.312  
    1339	856.625  
    1340	883.250  
    1341	876.875  
    1342	873.031  
    1343	871.312  
    1344	877.187  
    1345	884.687  
    1346	896.781  
    1347	907.031  
    1348	911.969  
    1349	912.156  
    1350	911.937  
    1351	913.312  
    1352	916.281  
    1353	922.219  
    1354	930.250  
    1355	937.781  
    1356	945.687  
    1357	954.469  
    1358	968.937  
    1359	977.219  
    1360	1019.062 
    1361	1022.156 
    1362	1021.094 
    1363	1026.594 
    1364	1040.125 
    1365	1056.406 
    1366	1081.281 
    1367	1105.781 
    1368	1118.812 
    1369	1122.906 
    1370	1123.281 
    1371	1125.375 
    1372	1131.125 
    1373	1137.187 
    1374	1151.344 
    1375	1163.469 
    1376	1173.594 
    1377	1186.219 
    1378	1205.281 
    1379	1222.250 
    1380	1279.594 
    1381	1264.375 
    1382	1260.406 
    1383	1267.750 
    1384	1278.594 
    1385	1283.969 
    1386	1300.812 
    1387	1323.031 
    1388	1323.594 
    1389	1314.906 
    1390	1306.625 
    1391	1297.781 
    1392	1297.281 
    1393	1299.281 
    1394	1308.750 
    1395	1315.000 
    1396	1311.969 
    1397	1314.375 
    1398	1322.500 
    1399	1332.437 
    1400	1384.781 
    1401	1358.937 
    1402	1335.312 
    1403	1322.687 
    1404	1322.031 
    1405	1332.312 
    1406	1356.687 
    1407	1362.531 
    1408	1353.125 
    1409	1334.500 
    1410	1315.156 
    1411	1298.000 
    1412	1290.187 
    1413	1282.875 
    1414	1274.844 
    1415	1270.406 
    1416	1263.031 
    1417	1251.719 
    1418	1248.062 
    1419	1245.844 
    1420	1286.469 
    1421	1251.406 
    1422	1222.094 
    1423	1207.906 
    1424	1198.750 
    1425	1188.437 
    1426	1190.969 
    1427	1192.844 
    1428	1185.437 
    1429	1168.656 
    1430	1147.000 
    1431	1129.375 
    1432	1112.375 
    1433	1100.156 
    1434	1088.406 
    1435	1080.281 
    1436	1070.812 
    1437	1061.781 
    1438	1056.625 
    1439	1043.844 
    1440	1068.875 
    1441	1043.875 
    1442	1017.812 
    1443	998.094  
    1444	990.187  
    1445	982.062  
    1446	980.094  
    1447	976.812  
    1448	967.344  
    1449	952.031  
    1450	935.406  
    1451	920.906  
    1452	910.187  
    1453	901.906  
    1454	894.844  
    1455	887.719  
    1456	882.969  
    1457	875.844  
    1458	875.969  
    1459	867.469  
    1460	887.625  
    1461	876.500  
    1462	864.156  
    1463	854.000  
    1464	855.281  
    1465	855.156  
    1466	860.750  
    1467	866.719  
    1468	865.156  
    1469	859.469  
    1470	855.156  
    1471	852.437  
    1472	849.062  
    1473	848.375  
    1474	851.531  
    1475	856.812  
    1476	861.687  
    1477	863.875  
    1478	876.062  
    1479	881.125  
    1480	911.312  
    1481	910.500  
    1482	908.906  
    1483	912.406  
    1484	924.094  
    1485	935.875  
    1486	954.375  
    1487	971.906  
    1488	984.781  
    1489	990.656  
    1490	996.969  
    1491	1004.094 
    1492	1015.875 
    1493	1027.375 
    1494	1046.031 
    1495	1068.094 
    1496	1087.406 
    1497	1100.875 
    1498	1124.156 
    1499	1145.875 
    1500	1210.187 
    1501	1210.656 
    1502	1215.187 
    1503	1228.906 
    1504	1250.437 
    1505	1277.281 
    1506	1315.937 
    1507	1351.125 
    1508	1371.719 
    1509	1381.812 
    1510	1386.625 
    1511	1390.781 
    1512	1396.062 
    1513	1411.000 
    1514	1430.656 
    1515	1456.875 
    1516	1478.906 
    1517	1502.281 
    1518	1531.906 
    1519	1565.250 
    1520	1641.875 
    1521	1601.969 
    1522	1583.000 
    1523	1596.469 
    1524	1608.312 
    1525	1626.844 
    1526	1663.031 
    1527	1686.250 
    1528	1684.875 
    1529	1664.250 
    1530	1638.156 
    1531	1629.156 
    1532	1618.000 
    1533	1614.562 
    1534	1620.125 
    1535	1633.406 
    1536	1648.031 
    1537	1644.937 
    1538	1639.062 
    1539	1644.094 
    1540	1703.937 
    1541	1643.625 
    1542	1615.219 
    1543	1617.094 
    1544	1623.594 
    1545	1630.469 
    1546	1648.406 
    1547	1662.687 
    1548	1661.250 
    1549	1638.344 
    1550	1602.812 
    1551	1576.344 
    1552	1556.531 
    1553	1534.406 
    1554	1524.781 
    1555	1520.000 
    1556	1508.187 
    1557	1495.625 
    1558	1485.500 
    1559	1484.406 
    1560	1531.312 
    1561	1476.844 
    1562	1432.562 
    1563	1406.656 
    1564	1384.656 
    1565	1368.937 
    1566	1366.094 
    1567	1360.406 
    1568	1339.937 
    1569	1304.500 
    1570	1270.844 
    1571	1241.219 
    1572	1212.687 
    1573	1193.469 
    1574	1174.750 
    1575	1157.812 
    1576	1145.156 
    1577	1128.187 
    1578	1117.562 
    1579	1101.531 
    1580	1117.937 
    1581	1084.312 
    1582	1056.406 
    1583	1036.156 
    1584	1024.500 
    1585	1011.875 
    1586	1008.250 
    1587	1003.812 
    1588	993.156  
    1589	975.562  
    1590	957.844  
    1591	942.219  
    1592	930.719  
    1593	923.937  
    1594	918.687  
    1595	915.750  
    1596	912.531  
    1597	911.500  
    1598	917.187  
    1599	916.062  
    1600	945.594  
    1601	939.406  
    1602	937.250  
    1603	936.156  
    1604	946.250  
    1605	960.125  
    1606	981.625  
    1607	1006.469 
    1608	1023.219 
    1609	1036.562 
    1610	1050.437 
    1611	1068.406 
    1612	1094.469 
    1613	1123.437 
    1614	1155.219 
    1615	1192.875 
    1616	1235.969 
    1617	1278.969 
    1618	1330.812 
    1619	1385.969 
    1620	1480.219 
    1621	1487.625 
    1622	1515.719 
    1623	1563.250 
    1624	1605.437 
    1625	1660.812 
    1626	1734.969 
    1627	1809.469 
    1628	1859.062 
    1629	1911.312 
    1630	1955.031 
    1631	2015.000 
    1632	2083.281 
    1633	2147.750 
    1634	2220.344 
    1635	2294.656 
    1636	2355.344 
    1637	2423.906 
    1638	2503.750 
    1639	2618.406 
    1640	2757.469 
    1641	2718.156 
    1642	2741.281 
    1643	2842.187 
    1644	2921.281 
    1645	3014.406 
    1646	3119.656 
    1647	3199.094 
    1648	3215.719 
    1649	3200.281 
    1650	3208.156 
    1651	3275.969 
    1652	3330.500 
    1653	3367.750 
    1654	3452.906 
    1655	3574.375 
    1656	3628.312 
    1657	3651.437 
    1658	3727.594 
    1659	3905.844 
    1660	3997.719 
    1661	3919.750 
    1662	3893.625 
    1663	3927.281 
    1664	3927.000 
    1665	3995.250 
    1666	4070.500 
    1667	4066.312 
    1668	4057.969 
    1669	4060.906 
    1670	4057.219 
    1671	4080.656 
    1672	4108.656 
    1673	4137.937 
    1674	4154.750 
    1675	4166.312 
    1676	4192.625 
    1677	4214.969 
    1678	4193.687 
    1679	4280.687 
    1680	4287.250 
    1681	4183.312 
    1682	4172.625 
    1683	4174.781 
    1684	4119.844 
    1685	4133.719 
    1686	4172.750 
    1687	4194.312 
    1688	4128.406 
    1689	4064.437 
    1690	4036.187 
    1691	3977.469 
    1692	3929.312 
    1693	3909.594 
    1694	3866.375 
    1695	3811.125 
    1696	3758.312 
    1697	3702.344 
    1698	3654.781 
    1699	3671.406 
    1700	3640.062 
    1701	3471.875 
    1702	3385.000 
    1703	3372.875 
    1704	3272.375 
    1705	3214.094 
    1706	3168.625 
    1707	3094.562 
    1708	3000.375 
    1709	2892.906 
    1710	2792.000 
    1711	2708.375 
    1712	2633.437 
    1713	2571.500 
    1714	2501.344 
    1715	2448.969 
    1716	2377.312 
    1717	2300.219 
    1718	2221.844 
    1719	2193.781 
    1720	2208.594 
    1721	2052.406 
    1722	1960.094 
    1723	1914.719 
    1724	1848.969 
    1725	1811.187 
    1726	1782.531 
    1727	1750.687 
    1728	1695.250 
    1729	1633.062 
    1730	1582.687 
    1731	1536.000 
    1732	1504.000 
    1733	1484.031 
    1734	1466.125 
    1735	1454.469 
    1736	1455.187 
    1737	1450.031 
    1738	1451.719 
    1739	1467.781 
    1740	1545.656 
    1741	1532.000 
    1742	1534.250 
    1743	1578.937 
    1744	1627.000 
    1745	1692.781 
    1746	1778.844 
    1747	1878.750 
    1748	1970.125 
    1749	2055.812 
    1750	2150.281 
    1751	2263.250 
    1752	2397.969 
    1753	2558.156 
    1754	2716.531 
    1755	2869.469 
    1756	3049.219 
    1757	3263.187 
    1758	3474.219 
    1759	3765.844 
    1760	3999.750 
    1761	4123.375 
    1762	4353.062 
    1763	4591.062 
    1764	4881.344 
    1765	5251.812 
    1766	5551.437 
    1767	5909.656 
    1768	6317.062 
    1769	6517.125 
    1770	6739.000 
    1771	7133.281 
    1772	7533.000 
    1773	7822.750 
    1774	8140.719 
    1775	8332.469 
    1776	8532.969 
    1777	8842.937 
    1778	9305.250 
    1779	9987.781 
    1780	10527.031
    1781	10967.906
    1782	11439.375
    1783	12016.500
    1784	12616.844
    1785	13405.281
    1786	14361.687
    1787	15127.812
    1788	15560.906
    1789	15827.812
    1790	16021.312
    1791	16694.719
    1792	17465.281
    1793	18083.094
    1794	18655.844
    1795	19618.281
    1796	20263.719
    1797	20727.687
    1798	21367.312
    1799	22006.469
    1800	22649.344
    1801	23044.562
    1802	23793.094
    1803	24714.906
    1804	25571.062
    1805	26867.375
    1806	27659.312
    1807	27914.719
    1808	28472.375
    1809	29349.125
    1810	30083.687
    1811	30530.500
    1812	30933.656
    1813	32105.594
    1814	33453.219
    1815	33919.812
    1816	33972.875
    1817	34193.594
    1818	34724.500
    1819	35495.062
    1820	36289.719
    1821	37185.000
    1822	38361.437
    1823	38872.531
    1824	39443.812
    1825	40109.344
    1826	40547.937
    1827	41162.594
    1828	41728.062
    1829	42669.219
    1830	44142.875
    1831	45114.531
    1832	45800.094
    1833	46142.281
    1834	46440.219
    1835	47260.219
    1836	48110.187
    1837	48337.750
    1838	48391.687
    1839	49527.031
    1840	50485.094
    1841	50408.625
    1842	50860.937
    1843	51382.906
    1844	51757.687
    1845	52102.125
    1846	52458.187
    1847	52763.375
    1848	52925.625
    1849	53352.937
    1850	53978.969
    1851	54111.437
    1852	54375.406
    1853	54826.000
    1854	55782.906
    1855	56370.906
    1856	55949.250
    1857	55898.562
    1858	56076.969
    1859	55911.719
    1860	55860.062
    1861	56476.250
    1862	57068.062
    1863	56998.531
    1864	56727.344
    1865	56636.156
    1866	56827.156
    1867	56695.406
    1868	56739.500
    1869	57435.656
    1870	57859.437
    1871	58004.875
    1872	57735.062
    1873	57035.625
    1874	56291.906
    1875	55817.031
    1876	55895.375
    1877	55903.312
    1878	55927.844
    1879	55892.312
    1880	55587.875
    1881	55430.719
    1882	55058.219
    1883	54384.812
    1884	53728.656
    1885	53093.187
    1886	52868.250
    1887	52600.156
    1888	52238.031
    1889	51936.719
    1890	51430.437
    1891	50713.437
    1892	50134.031
    1893	50159.781
    1894	50056.500
    1895	49666.937
    1896	49575.625
    1897	49389.250
    1898	49128.656
    1899	48837.219
    1900	48259.844
    1901	47712.656
    1902	47152.219
    1903	46454.844
    1904	45732.469
    1905	45372.812
    1906	45001.969
    1907	44653.250
    1908	44556.969
    1909	44369.562
    1910	43762.562
    1911	42707.875
    1912	41792.000
    1913	41277.000
    1914	40903.906
    1915	40135.500
    1916	39106.000
    1917	38475.094
    1918	37695.844
    1919	36795.219
    1920	35930.281
    1921	35137.344
    1922	34466.594
    1923	33658.500
    1924	32895.562
    1925	32294.875
    1926	31573.562
    1927	30840.000
    1928	30020.969
    1929	29536.906
    1930	28902.562
    1931	27742.375
    1932	27088.094
    1933	26982.312
    1934	26426.031
    1935	25238.031
    1936	24383.312
    1937	24071.781
    1938	23740.844
    1939	23116.500
    1940	22186.625
    1941	21144.000
    1942	20305.187
    1943	19801.750
    1944	19261.281
    1945	18797.594
    1946	18308.094
    1947	17798.000
    1948	17251.500
    1949	16511.937
    1950	15747.937
    1951	15179.531
    1952	14788.937
    1953	14556.375
    1954	14093.062
    1955	13596.469
    1956	13219.719
    1957	12597.469
    1958	11825.312
    1959	11452.844
    1960	11181.656
    1961	10706.219
    1962	10037.125
    1963	9551.219 
    1964	9205.094 
    1965	8703.594 
    1966	8238.312 
    1967	7953.625 
    1968	7545.187 
    1969	7104.937 
    1970	6815.812 
    1971	6486.594 
    1972	6169.125 
    1973	5838.500 
    1974	5558.750 
    1975	5290.844 
    1976	5033.781 
    1977	4802.562 
    1978	4555.969 
    1979	4406.875 
    1980	4149.562 
    1981	3817.219 
    1982	3628.781 
    1983	3520.094 
    1984	3315.031 
    1985	3153.187 
    1986	3022.625 
    1987	2840.750 
    1988	2651.469 
    1989	2491.062 
    1990	2357.344 
    1991	2245.219 
    1992	2138.187 
    1993	2048.531 
    1994	1978.594 
    1995	1915.719 
    1996	1853.812 
    1997	1783.281 
    1998	1732.906 
    1999	1699.156 
    2000	1725.219 
    2001	1639.031 
    2002	1575.000 
    2003	1546.812 
    2004	1528.656 
    2005	1514.656 
    2006	1517.500 
    2007	1526.719 
    2008	1525.094 
    2009	1515.969 
    2010	1513.656 
    2011	1515.062 
    2012	1530.906 
    2013	1562.656 
    2014	1599.750 
    2015	1650.125 
    2016	1698.469 
    2017	1752.687 
    2018	1800.531 
    2019	1872.562 
    2020	2006.156 
    2021	1989.625 
    2022	2008.156 
    2023	2082.562 
    2024	2156.750 
    2025	2247.156 
    2026	2356.594 
    2027	2452.031 
    2028	2519.937 
    2029	2564.406 
    2030	2612.469 
    2031	2660.375 
    2032	2733.000 
    2033	2811.750 
    2034	2876.781 
    2035	2960.531 
    2036	3050.062 
    2037	3111.437 
    2038	3169.594 
    2039	3305.094 
    2040	3420.750 
    2041	3346.437 
    2042	3364.562 
    2043	3489.219 
    2044	3513.469 
    2045	3586.812 
    2046	3684.125 
    2047	3718.094 
    2048	3708.687 
    2049	3736.844 
    2050	3820.125 
    2051	3862.219 
    2052	3830.344 
    2053	3825.781 
    2054	3924.531 
    2055	4061.937 
    2056	4102.812 
    2057	4051.906 
    2058	3974.844 
    2059	3979.594 
    2060	3946.031 
    2061	3832.125 
    2062	3826.719 
    2063	3881.812 
    2064	3875.250 
    2065	3886.312 
    2066	3904.531 
    2067	3882.406 
    2068	3807.844 
    2069	3775.969 
    2070	3810.125 
    2071	3893.781 
    2072	3980.750 
    2073	3989.562 
    2074	3890.219 
    2075	3791.750 
    2076	3752.906 
    2077	3764.875 
    2078	3767.594 
    2079	3765.250 
    2080	3724.344 
    2081	3567.156 
    2082	3470.594 
    2083	3461.187 
    2084	3400.156 
    2085	3357.469 
    2086	3361.125 
    2087	3332.656 
    2088	3246.094 
    2089	3167.000 
    2090	3088.969 
    2091	3026.531 
    2092	2970.687 
    2093	2917.469 
    2094	2852.375 
    2095	2805.062 
    2096	2751.250 
    2097	2715.062 
    2098	2671.125 
    2099	2661.719 
    2100	2667.812 
    2101	2504.562 
    2102	2414.906 
    2103	2381.219 
    2104	2332.281 
    2105	2297.156 
    2106	2273.156 
    2107	2232.719 
    2108	2158.312 
    2109	2088.281 
    2110	2015.531 
    2111	1951.125 
    2112	1905.094 
    2113	1867.094 
    2114	1826.125 
    2115	1783.187 
    2116	1738.281 
    2117	1698.281 
    2118	1656.969 
    2119	1634.281 
    2120	1661.844 
    2121	1574.344 
    2122	1504.812 
    2123	1472.156 
    2124	1440.281 
    2125	1417.094 
    2126	1401.656 
    2127	1383.937 
    2128	1352.625 
    2129	1315.594 
    2130	1278.812 
    2131	1249.031 
    2132	1225.187 
    2133	1203.687 
    2134	1184.469 
    2135	1171.094 
    2136	1158.594 
    2137	1144.000 
    2138	1135.812 
    2139	1123.937 
    2140	1153.906 
    2141	1125.469 
    2142	1104.219 
    2143	1092.906 
    2144	1090.281 
    2145	1086.062 
    2146	1092.125 
    2147	1099.937 
    2148	1099.344 
    2149	1091.812 
    2150	1081.281 
    2151	1077.781 
    2152	1073.656 
    2153	1075.750 
    2154	1079.031 
    2155	1084.156 
    2156	1092.000 
    2157	1102.344 
    2158	1122.531 
    2159	1140.281 
    2160	1197.781 
    2161	1190.344 
    2162	1191.250 
    2163	1201.969 
    2164	1215.594 
    2165	1235.719 
    2166	1268.312 
    2167	1294.062 
    2168	1316.062 
    2169	1329.937 
    2170	1336.469 
    2171	1350.531 
    2172	1363.531 
    2173	1378.875 
    2174	1403.750 
    2175	1437.812 
    2176	1457.687 
    2177	1476.750 
    2178	1513.562 
    2179	1549.781 
    2180	1623.781 
    2181	1593.812 
    2182	1582.781 
    2183	1592.219 
    2184	1600.125 
    2185	1626.187 
    2186	1659.844 
    2187	1686.625 
    2188	1694.281 
    2189	1685.312 
    2190	1677.187 
    2191	1678.969 
    2192	1681.000 
    2193	1691.969 
    2194	1717.469 
    2195	1731.687 
    2196	1743.906 
    2197	1752.562 
    2198	1757.844 
    2199	1784.250 
    2200	1857.000 
    2201	1795.781 
    2202	1759.844 
    2203	1769.906 
    2204	1770.000 
    2205	1774.094 
    2206	1796.375 
    2207	1801.250 
    2208	1782.156 
    2209	1755.437 
    2210	1728.000 
    2211	1705.750 
    2212	1686.531 
    2213	1676.219 
    2214	1682.219 
    2215	1678.156 
    2216	1659.812 
    2217	1645.344 
    2218	1637.656 
    2219	1634.000 
    2220	1685.719 
    2221	1618.937 
    2222	1567.875 
    2223	1551.719 
    2224	1537.406 
    2225	1531.969 
    2226	1533.719 
    2227	1529.500 
    2228	1512.500 
    2229	1484.437 
    2230	1457.281 
    2231	1431.156 
    2232	1410.375 
    2233	1398.906 
    2234	1381.375 
    2235	1364.094 
    2236	1347.719 
    2237	1328.406 
    2238	1319.281 
    2239	1305.406 
    2240	1335.594 
    2241	1293.594 
    2242	1254.219 
    2243	1231.250 
    2244	1215.156 
    2245	1196.687 
    2246	1195.625 
    2247	1189.437 
    2248	1171.031 
    2249	1149.187 
    2250	1122.562 
    2251	1101.594 
    2252	1083.375 
    2253	1068.406 
    2254	1054.844 
    2255	1042.656 
    2256	1031.187 
    2257	1014.500 
    2258	1006.219 
    2259	992.969  
    2260	1013.719 
    2261	995.937  
    2262	976.187  
    2263	959.437  
    2264	953.031  
    2265	946.594  
    2266	946.344  
    2267	946.094  
    2268	940.469  
    2269	928.812  
    2270	917.625  
    2271	907.844  
    2272	900.750  
    2273	898.312  
    2274	897.625  
    2275	896.344  
    2276	894.844  
    2277	892.937  
    2278	898.625  
    2279	896.281  
    2280	922.031  
    2281	914.781  
    2282	908.656  
    2283	905.812  
    2284	911.344  
    2285	917.531  
    2286	928.906  
    2287	938.781  
    2288	945.281  
    2289	946.687  
    2290	944.812  
    2291	944.969  
    2292	948.469  
    2293	954.750  
    2294	963.219  
    2295	972.906  
    2296	982.969  
    2297	995.156  
    2298	1014.156 
    2299	1028.312 
    2300	1081.281 
    2301	1085.375 
    2302	1086.375 
    2303	1097.344 
    2304	1113.844 
    2305	1130.375 
    2306	1155.312 
    2307	1177.312 
    2308	1186.969 
    2309	1187.937 
    2310	1191.281 
    2311	1198.500 
    2312	1208.750 
    2313	1226.562 
    2314	1245.906 
    2315	1263.781 
    2316	1277.344 
    2317	1291.969 
    2318	1312.656 
    2319	1338.875 
    2320	1405.344 
    2321	1388.375 
    2322	1376.750 
    2323	1384.187 
    2324	1392.406 
    2325	1406.094 
    2326	1436.375 
    2327	1455.562 
    2328	1451.094 
    2329	1440.812 
    2330	1430.156 
    2331	1425.500 
    2332	1421.531 
    2333	1427.656 
    2334	1433.500 
    2335	1443.000 
    2336	1451.062 
    2337	1446.094 
    2338	1448.406 
    2339	1459.937 
    2340	1520.531 
    2341	1481.844 
    2342	1458.750 
    2343	1453.031 
    2344	1444.969 
    2345	1444.687 
    2346	1460.156 
    2347	1475.062 
    2348	1471.594 
    2349	1454.906 
    2350	1437.437 
    2351	1422.219 
    2352	1412.625 
    2353	1406.875 
    2354	1402.687 
    2355	1392.094 
    2356	1381.594 
    2357	1378.781 
    2358	1380.250 
    2359	1387.469 
    2360	1438.156 
    2361	1395.594 
    2362	1361.344 
    2363	1347.125 
    2364	1338.656 
    2365	1333.875 
    2366	1343.375 
    2367	1342.344 
    2368	1329.312 
    2369	1306.906 
    2370	1282.625 
    2371	1262.406 
    2372	1245.031 
    2373	1231.437 
    2374	1224.219 
    2375	1215.094 
    2376	1205.844 
    2377	1193.719 
    2378	1189.625 
    2379	1182.562 
    2380	1211.656 
    2381	1176.531 
    2382	1146.844 
    2383	1131.344 
    2384	1120.031 
    2385	1112.031 
    2386	1112.625 
    2387	1108.469 
    2388	1093.719 
    2389	1073.937 
    2390	1055.562 
    2391	1037.656 
    2392	1023.250 
    2393	1007.281 
    2394	996.656  
    2395	986.344  
    2396	979.594  
    2397	970.937  
    2398	967.281  
    2399	956.625  
    2400	979.531  
    2401	959.156  
    2402	939.531  
    2403	924.625  
    2404	918.469  
    2405	914.594  
    2406	915.687  
    2407	916.250  
    2408	908.156  
    2409	895.812  
    2410	881.875  
    2411	870.156  
    2412	860.625  
    2413	854.000  
    2414	850.562  
    2415	846.531  
    2416	843.281  
    2417	841.000  
    2418	845.031  
    2419	840.437  
    2420	860.906  
    2421	852.875  
    2422	845.906  
    2423	838.937  
    2424	841.562  
    2425	842.125  
    2426	848.656  
    2427	853.594  
    2428	855.062  
    2429	851.344  
    2430	845.625  
    2431	840.937  
    2432	836.031  
    2433	835.156  
    2434	835.469  
    2435	835.500  
    2436	836.031  
    2437	836.781  
    2438	846.937  
    2439	846.750  
    2440	870.375  
    2441	865.937  
    2442	862.375  
    2443	859.156  
    2444	866.437  
    2445	873.500  
    2446	884.437  
    2447	894.406  
    2448	899.125  
    2449	897.750  
    2450	894.062  
    2451	890.781  
    2452	891.437  
    2453	894.937  
    2454	897.656  
    2455	902.156  
    2456	905.656  
    2457	908.656  
    2458	919.656  
    2459	923.125  
    2460	953.750  
    2461	946.062  
    2462	939.625  
    2463	939.000  
    2464	945.594  
    2465	952.031  
    2466	966.437  
    2467	975.719  
    2468	978.125  
    2469	974.031  
    2470	965.906  
    2471	961.094  
    2472	961.625  
    2473	961.781  
    2474	963.281  
    2475	966.125  
    2476	966.875  
    2477	965.656  
    2478	971.969  
    2479	971.562  
    2480	1001.562 
    2481	990.469  
    2482	981.344  
    2483	977.031  
    2484	981.000  
    2485	985.437  
    2486	994.312  
    2487	1001.937 
    2488	1005.094 
    2489	998.281  
    2490	987.781  
    2491	978.062  
    2492	970.844  
    2493	966.094  
    2494	964.219  
    2495	967.156  
    2496	965.969  
    2497	964.000  
    2498	968.812  
    2499	964.281  
    2500	991.406  
    2501	977.406  
    2502	964.031  
    2503	955.375  
    2504	953.812  
    2505	950.125  
    2506	956.469  
    2507	959.281  
    2508	955.531  
    2509	947.187  
    2510	937.531  
    2511	927.656  
    2512	920.281  
    2513	915.594  
    2514	911.312  
    2515	907.281  
    2516	902.437  
    2517	897.500  
    2518	900.687  
    2519	895.344  
    2520	916.719  
    2521	903.094  
    2522	889.562  
    2523	879.094  
    2524	878.875  
    2525	877.031  
    2526	880.687  
    2527	881.187  
    2528	878.531  
    2529	871.187  
    2530	862.781  
    2531	853.656  
    2532	845.219  
    2533	842.406  
    2534	840.062  
    2535	837.937  
    2536	834.562  
    2537	830.656  
    2538	835.437  
    2539	829.625  
    2540	846.281  
    2541	836.625  
    2542	826.812  
    2543	818.250  
    2544	819.031  
    2545	819.062  
    2546	823.719  
    2547	827.844  
    2548	827.062  
    2549	819.250  
    2550	812.437  
    2551	806.125  
    2552	801.750  
    2553	799.719  
    2554	796.969  
    2555	794.625  
    2556	794.562  
    2557	793.187  
    2558	798.875  
    2559	794.906  
    2560	814.062  
    2561	807.844  
    2562	802.312  
    2563	796.937  
    2564	799.156  
    2565	803.344  
    2566	809.781  
    2567	815.562  
    2568	816.594  
    2569	814.094  
    2570	810.000  
    2571	805.281  
    2572	801.344  
    2573	800.969  
    2574	802.312  
    2575	802.344  
    2576	805.031  
    2577	806.187  
    2578	813.937  
    2579	812.000  
    2580	833.969  
    2581	828.969  
    2582	824.281  
    2583	820.062  
    2584	825.375  
    2585	828.375  
    2586	835.719  
    2587	842.906  
    2588	845.500  
    2589	845.062  
    2590	843.187  
    2591	839.719  
    2592	836.375  
    2593	836.437  
    2594	838.469  
    2595	839.937  
    2596	841.719  
    2597	844.125  
    2598	853.375  
    2599	853.656  
    2600	877.375  
    2601	869.844  
    2602	861.937  
    2603	857.531  
    2604	860.906  
    2605	862.937  
    2606	870.844  
    2607	877.250  
    2608	877.844  
    2609	876.281  
    2610	873.219  
    2611	868.094  
    2612	865.500  
    2613	865.469  
    2614	866.187  
    2615	864.937  
    2616	865.219  
    2617	863.812  
    2618	870.062  
    2619	867.625  
    2620	891.656  
    2621	884.187  
    2622	875.000  
    2623	866.906  
    2624	867.937  
    2625	869.437  
    2626	876.375  
    2627	882.187  
    2628	879.062  
    2629	872.719  
    2630	865.875  
    2631	859.000  
    2632	853.187  
    2633	850.187  
    2634	848.031  
    2635	846.656  
    2636	845.187  
    2637	843.562  
    2638	848.875  
    2639	846.031  
    2640	866.469  
    2641	855.906  
    2642	847.906  
    2643	840.250  
    2644	840.781  
    2645	840.062  
    2646	844.906  
    2647	847.500  
    2648	845.000  
    2649	838.375  
    2650	833.187  
    2651	826.594  
    2652	820.781  
    2653	816.875  
    2654	814.469  
    2655	811.937  
    2656	809.031  
    2657	806.594  
    2658	811.312  
    2659	805.687  
    2660	823.875  
    2661	816.969  
    2662	810.844  
    2663	802.969  
    2664	804.812  
    2665	806.312  
    2666	810.687  
    2667	813.687  
    2668	813.062  
    2669	808.094  
    2670	802.031  
    2671	794.656  
    2672	790.187  
    2673	788.250  
    2674	787.375  
    2675	787.031  
    2676	784.937  
    2677	783.406  
    2678	789.937  
    2679	786.125  
    2680	805.687  
    2681	799.062  
    2682	793.031  
    2683	787.812  
    2684	790.656  
    2685	793.719  
    2686	798.625  
    2687	803.406  
    2688	802.937  
    2689	799.375  
    2690	795.469  
    2691	793.250  
    2692	791.187  
    2693	791.469  
    2694	792.906  
    2695	793.937  
    2696	794.781  
    2697	795.031  
    2698	803.187  
    2699	800.937  
    2700	821.844  
    2701	817.937  
    2702	814.187  
    2703	809.906  
    2704	815.312  
    2705	820.406  
    2706	829.687  
    2707	838.062  
    2708	840.719  
    2709	839.437  
    2710	836.750  
    2711	833.812  
    2712	832.250  
    2713	832.906  
    2714	834.812  
    2715	837.062  
    2716	840.875  
    2717	840.719  
    2718	849.500  
    2719	847.312  
    2720	871.531  
    2721	864.219  
    2722	859.219  
    2723	856.344  
    2724	861.875  
    2725	865.562  
    2726	874.437  
    2727	881.125  
    2728	884.656  
    2729	881.250  
    2730	874.844  
    2731	870.094  
    2732	868.844  
    2733	868.281  
    2734	868.969  
    2735	872.531  
    2736	875.719  
    2737	875.875  
    2738	881.437  
    2739	878.906  
    2740	903.969  
    2741	896.469  
    2742	888.781  
    2743	884.375  
    2744	888.531  
    2745	892.156  
    2746	900.062  
    2747	904.937  
    2748	904.094  
    2749	896.875  
    2750	889.312  
    2751	883.344  
    2752	878.406  
    2753	876.562  
    2754	875.406  
    2755	874.687  
    2756	872.812  
    2757	870.187  
    2758	874.969  
    2759	872.062  
    2760	894.937  
    2761	885.437  
    2762	876.281  
    2763	867.531  
    2764	868.031  
    2765	868.687  
    2766	875.750  
    2767	878.906  
    2768	876.000  
    2769	867.812  
    2770	859.719  
    2771	853.156  
    2772	846.875  
    2773	842.656  
    2774	839.031  
    2775	837.750  
    2776	836.281  
    2777	833.406  
    2778	837.969  
    2779	832.062  
    2780	850.719  
    2781	841.187  
    2782	832.906  
    2783	824.719  
    2784	826.094  
    2785	827.656  
    2786	831.562  
    2787	832.719  
    2788	830.406  
    2789	823.125  
    2790	815.344  
    2791	809.531  
    2792	805.187  
    2793	801.562  
    2794	799.156  
    2795	796.844  
    2796	794.687  
    2797	791.687  
    2798	796.500  
    2799	791.500  
    2800	807.656  
    2801	799.594  
    2802	791.656  
    2803	785.719  
    2804	788.094  
    2805	788.094  
    2806	792.625  
    2807	795.906  
    2808	795.656  
    2809	790.375  
    2810	785.031  
    2811	780.375  
    2812	776.156  
    2813	773.375  
    2814	771.812  
    2815	771.781  
    2816	771.687  
    2817	770.437  
    2818	777.937  
    2819	772.562  
    2820	789.125  
    2821	783.031  
    2822	777.437  
    2823	771.531  
    2824	775.406  
    2825	778.031  
    2826	784.406  
    2827	789.406  
    2828	788.937  
    2829	785.406  
    2830	781.594  
    2831	777.719  
    2832	774.969  
    2833	773.062  
    2834	773.625  
    2835	774.750  
    2836	775.031  
    2837	774.562  
    2838	782.125  
    2839	779.969  
    2840	799.312  
    2841	793.500  
    2842	788.500  
    2843	784.687  
    2844	789.750  
    2845	793.906  
    2846	800.219  
    2847	806.281  
    2848	807.656  
    2849	804.844  
    2850	801.937  
    2851	799.531  
    2852	796.594  
    2853	796.875  
    2854	798.750  
    2855	800.250  
    2856	800.625  
    2857	800.625  
    2858	808.437  
    2859	806.719  
    2860	827.937  
    2861	823.937  
    2862	818.969  
    2863	814.812  
    2864	817.875  
    2865	820.500  
    2866	829.031  
    2867	834.844  
    2868	835.937  
    2869	831.437  
    2870	826.875  
    2871	823.000  
    2872	821.406  
    2873	820.406  
    2874	820.594  
    2875	821.937  
    2876	822.125  
    2877	821.562  
    2878	828.562  
    2879	824.719  
    2880	845.812  
    2881	838.500  
    2882	831.625  
    2883	827.094  
    2884	828.719  
    2885	830.687  
    2886	835.969  
    2887	840.469  
    2888	840.312  
    2889	837.812  
    2890	832.656  
    2891	828.906  
    2892	825.781  
    2893	825.031  
    2894	824.156  
    2895	822.562  
    2896	820.781  
    2897	819.406  
    2898	825.344  
    2899	820.125  
    2900	837.656  
    2901	828.875  
    2902	821.250  
    2903	814.500  
    2904	815.906  
    2905	815.531  
    2906	817.781  
    2907	820.281  
    2908	819.500  
    2909	813.156  
    2910	805.906  
    2911	798.969  
    2912	794.906  
    2913	791.719  
    2914	789.281  
    2915	789.000  
    2916	788.187  
    2917	787.781  
    2918	793.406  
    2919	787.969  
    2920	804.187  
    2921	796.094  
    2922	788.594  
    2923	782.531  
    2924	784.687  
    2925	785.937  
    2926	790.906  
    2927	792.812  
    2928	791.375  
    2929	787.250  
    2930	782.406  
    2931	776.844  
    2932	772.562  
    2933	770.781  
    2934	769.406  
    2935	768.531  
    2936	767.844  
    2937	764.500  
    2938	769.531  
    2939	765.187  
    2940	781.719  
    2941	776.031  
    2942	769.750  
    2943	763.687  
    2944	767.344  
    2945	769.000  
    2946	774.094  
    2947	777.719  
    2948	778.000  
    2949	774.687  
    2950	769.187  
    2951	764.312  
    2952	761.875  
    2953	759.469  
    2954	760.781  
    2955	760.469  
    2956	759.375  
    2957	757.281  
    2958	763.062  
    2959	759.531  
    2960	777.562  
    2961	773.625  
    2962	769.219  
    2963	763.094  
    2964	766.125  
    2965	769.531  
    2966	774.969  
    2967	779.312  
    2968	780.656  
    2969	777.562  
    2970	774.125  
    2971	771.406  
    2972	769.687  
    2973	768.344  
    2974	768.344  
    2975	769.687  
    2976	768.844  
    2977	770.812  
    2978	777.781  
    2979	774.750  
    2980	793.312  
    2981	788.125  
    2982	783.406  
    2983	779.094  
    2984	782.187  
    2985	784.375  
    2986	791.969  
    2987	795.406  
    2988	795.844  
    2989	793.125  
    2990	787.625  
    2991	783.156  
    2992	781.469  
    2993	781.875  
    2994	782.844  
    2995	783.375  
    2996	784.594  
    2997	783.906  
    2998	791.000  
    2999	789.125  
    3000	807.656  
    3001	801.812  
    3002	797.187  
    3003	793.844  
    3004	797.687  
    3005	801.375  
    3006	807.875  
    3007	812.844  
    3008	813.125  
    3009	809.781  
    3010	804.969  
    3011	798.281  
    3012	794.000  
    3013	792.406  
    3014	791.375  
    3015	790.469  
    3016	790.719  
    3017	790.469  
    3018	797.562  
    3019	793.625  
    3020	811.250  
    3021	806.500  
    3022	800.094  
    3023	793.781  
    3024	797.187  
    3025	798.219  
    3026	804.312  
    3027	808.875  
    3028	808.375  
    3029	804.281  
    3030	799.062  
    3031	792.844  
    3032	788.562  
    3033	785.937  
    3034	784.156  
    3035	782.094  
    3036	780.625  
    3037	778.969  
    3038	784.625  
    3039	779.469  
    3040	796.531  
    3041	789.156  
    3042	781.625  
    3043	773.875  
    3044	775.437  
    3045	777.594  
    3046	782.781  
    3047	786.562  
    3048	786.656  
    3049	781.750  
    3050	775.562  
    3051	770.531  
    3052	766.500  
    3053	763.250  
    3054	762.469  
    3055	761.687  
    3056	760.625  
    3057	758.500  
    3058	763.687  
    3059	758.219  
    3060	773.406  
    3061	769.156  
    3062	763.750  
    3063	756.969  
    3064	758.687  
    3065	760.219  
    3066	765.000  
    3067	768.969  
    3068	768.062  
    3069	765.500  
    3070	760.312  
    3071	755.937  
    3072	753.437  
    3073	751.281  
    3074	749.781  
    3075	748.625  
    3076	748.531  
    3077	747.969  
    3078	753.125  
    3079	749.312  
    3080	765.062  
    3081	760.375  
    3082	754.937  
    3083	749.156  
    3084	752.156  
    3085	753.250  
    3086	760.125  
    3087	762.875  
    3088	763.062  
    3089	759.437  
    3090	754.531  
    3091	751.406  
    3092	748.156  
    3093	747.531  
    3094	747.781  
    3095	747.094  
    3096	747.687  
    3097	748.250  
    3098	756.906  
    3099	753.812  
    3100	770.750  
    3101	765.281  
    3102	760.500  
    3103	756.062  
    3104	758.219  
    3105	761.437  
    3106	768.281  
    3107	772.437  
    3108	774.250  
    3109	771.656  
    3110	767.281  
    3111	762.687  
    3112	760.062  
    3113	759.000  
    3114	758.906  
    3115	760.719  
    3116	761.719  
    3117	762.187  
    3118	770.281  
    3119	766.531  
    3120	783.094  
    3121	777.250  
    3122	771.969  
    3123	767.562  
    3124	771.312  
    3125	774.687  
    3126	781.406  
    3127	786.219  
    3128	788.031  
    3129	784.000  
    3130	780.937  
    3131	777.781  
    3132	774.344  
    3133	773.281  
    3134	773.125  
    3135	773.594  
    3136	773.812  
    3137	773.469  
    3138	779.219  
    3139	775.969  
    3140	794.375  
    3141	788.437  
    3142	784.031  
    3143	779.875  
    3144	784.750  
    3145	787.406  
    3146	793.375  
    3147	797.219  
    3148	796.406  
    3149	791.187  
    3150	787.000  
    3151	782.500  
    3152	779.312  
    3153	777.156  
    3154	775.969  
    3155	775.156  
    3156	774.937  
    3157	773.469  
    3158	780.094  
    3159	776.844  
    3160	795.094  
    3161	788.812  
    3162	782.625  
    3163	777.062  
    3164	779.219  
    3165	781.156  
    3166	787.594  
    3167	789.906  
    3168	788.344  
    3169	783.344  
    3170	778.406  
    3171	773.469  
    3172	771.594  
    3173	768.437  
    3174	767.062  
    3175	766.437  
    3176	765.125  
    3177	763.469  
    3178	769.375  
    3179	765.156  
    3180	780.219  
    3181	774.062  
    3182	767.500  
    3183	762.344  
    3184	765.094  
    3185	766.469  
    3186	770.437  
    3187	774.750  
    3188	773.500  
    3189	769.281  
    3190	765.312  
    3191	760.406  
    3192	757.062  
    3193	754.844  
    3194	753.000  
    3195	752.219  
    3196	752.000  
    3197	750.656  
    3198	757.437  
    3199	753.781  
    3200	768.906  
    3201	763.125  
    3202	757.719  
    3203	751.719  
    3204	754.406  
    3205	756.156  
    3206	761.719  
    3207	764.406  
    3208	764.062  
    3209	760.250  
    3210	756.062  
    3211	751.062  
    3212	747.219  
    3213	746.562  
    3214	746.156  
    3215	745.687  
    3216	745.094  
    3217	743.937  
    3218	750.437  
    3219	745.906  
    3220	762.719  
    3221	757.812  
    3222	753.125  
    3223	746.906  
    3224	749.969  
    3225	752.750  
    3226	756.687  
    3227	760.281  
    3228	759.719  
    3229	756.687  
    3230	752.062  
    3231	747.812  
    3232	745.375  
    3233	744.406  
    3234	744.719  
    3235	746.250  
    3236	745.719  
    3237	744.625  
    3238	750.750  
    3239	748.469  
    3240	765.281  
    3241	762.031  
    3242	756.437  
    3243	752.437  
    3244	755.375  
    3245	758.375  
    3246	764.094  
    3247	767.719  
    3248	766.812  
    3249	762.625  
    3250	757.750  
    3251	754.156  
    3252	752.500  
    3253	751.969  
    3254	751.344  
    3255	750.937  
    3256	751.594  
    3257	752.187  
    3258	759.094  
    3259	755.094  
    3260	772.406  
    3261	767.687  
    3262	763.125  
    3263	758.906  
    3264	762.375  
    3265	764.469  
    3266	770.062  
    3267	775.094  
    3268	775.094  
    3269	771.719  
    3270	767.562  
    3271	764.937  
    3272	762.656  
    3273	761.062  
    3274	761.094  
    3275	761.125  
    3276	762.000  
    3277	763.125  
    3278	769.531  
    3279	765.469  
    3280	781.969  
    3281	776.281  
    3282	771.344  
    3283	765.781  
    3284	770.781  
    3285	772.594  
    3286	778.156  
    3287	781.844  
    3288	782.375  
    3289	779.187  
    3290	774.531  
    3291	769.781  
    3292	766.844  
    3293	764.250  
    3294	762.250  
    3295	761.531  
    3296	761.031  
    3297	759.781  
    3298	765.000  
    3299	761.125  
    3300	777.406  
    3301	772.281  
    3302	767.344  
    3303	761.781  
    3304	763.812  
    3305	765.562  
    3306	771.750  
    3307	775.500  
    3308	773.437  
    3309	770.031  
    3310	765.687  
    3311	759.250  
    3312	755.375  
    3313	752.344  
    3314	751.750  
    3315	751.406  
    3316	750.906  
    3317	749.937  
    3318	755.656  
    3319	751.781  
    3320	767.625  
    3321	763.062  
    3322	758.156  
    3323	751.125  
    3324	754.219  
    3325	756.656  
    3326	760.844  
    3327	764.094  
    3328	763.625  
    3329	759.781  
    3330	754.875  
    3331	749.937  
    3332	746.781  
    3333	745.656  
    3334	747.094  
    3335	746.531  
    3336	746.750  
    3337	745.875  
    3338	751.906  
    3339	748.281  
    3340	763.094  
    3341	758.531  
    3342	753.344  
    3343	747.125  
    3344	750.250  
    3345	753.531  
    3346	758.844  
    3347	762.937  
    3348	763.500  
    3349	760.250  
    3350	755.469  
    3351	750.656  
    3352	748.500  
    3353	746.531  
    3354	746.875  
    3355	747.531  
    3356	746.719  
    3357	746.375  
    3358	752.812  
    3359	749.500  
    3360	765.469  
    3361	760.531  
    3362	753.937  
    3363	748.687  
    3364	753.375  
    3365	756.500  
    3366	760.750  
    3367	763.312  
    3368	762.312  
    3369	758.344  
    3370	753.875  
    3371	750.062  
    3372	749.281  
    3373	750.344  
    3374	751.281  
    3375	752.969  
    3376	753.156  
    3377	752.031  
    3378	757.937  
    3379	754.281  
    3380	770.312  
    3381	765.406  
    3382	759.312  
    3383	752.125  
    3384	756.375  
    3385	759.844  
    3386	764.719  
    3387	770.375  
    3388	770.187  
    3389	766.844  
    3390	761.875  
    3391	758.000  
    3392	755.906  
    3393	754.750  
    3394	755.625  
    3395	757.156  
    3396	758.125  
    3397	758.344  
    3398	766.750  
    3399	763.187  
    3400	780.844  
    3401	775.156  
    3402	770.187  
    3403	765.750  
    3404	770.375  
    3405	772.125  
    3406	777.937  
    3407	780.125  
    3408	779.844  
    3409	775.594  
    3410	771.437  
    3411	767.187  
    3412	764.500  
    3413	762.250  
    3414	761.875  
    3415	761.719  
    3416	763.375  
    3417	763.187  
    3418	769.375  
    3419	766.531  
    3420	782.812  
    3421	778.125  
    3422	772.406  
    3423	765.687  
    3424	769.000  
    3425	771.687  
    3426	777.187  
    3427	780.031  
    3428	779.250  
    3429	774.875  
    3430	769.469  
    3431	765.187  
    3432	762.531  
    3433	760.719  
    3434	759.125  
    3435	759.000  
    3436	758.125  
    3437	755.437  
    3438	762.187  
    3439	757.344  
    3440	772.000  
    3441	766.469  
    3442	761.281  
    3443	757.094  
    3444	760.281  
    3445	762.000  
    3446	766.531  
    3447	769.406  
    3448	769.094  
    3449	764.031  
    3450	759.031  
    3451	753.250  
    3452	749.437  
    3453	747.156  
    3454	747.312  
    3455	747.000  
    3456	748.062  
    3457	745.406  
    3458	750.656  
    3459	745.750  
    3460	760.500  
    3461	755.125  
    3462	749.219  
    3463	743.094  
    3464	746.312  
    3465	749.281  
    3466	754.844  
    3467	757.812  
    3468	757.937  
    3469	753.344  
    3470	747.562  
    3471	743.344  
    3472	741.125  
    3473	740.844  
    3474	742.812  
    3475	742.937  
    3476	743.281  
    3477	741.531  
    3478	747.406  
    3479	742.719  
    3480	756.812  
    3481	752.437  
    3482	747.125  
    3483	741.500  
    3484	745.375  
    3485	748.031  
    3486	753.531  
    3487	756.969  
    3488	757.281  
    3489	753.250  
    3490	748.812  
    3491	744.062  
    3492	741.281  
    3493	740.437  
    3494	741.031  
    3495	741.531  
    3496	740.187  
    3497	739.312  
    3498	744.562  
    3499	740.000  
    3500	754.406  
    3501	750.906  
    3502	747.562  
    3503	740.719  
    3504	744.000  
    3505	746.187  
    3506	750.969  
    3507	755.406  
    3508	757.281  
    3509	754.562  
    3510	750.250  
    3511	746.094  
    3512	743.437  
    3513	742.906  
    3514	742.969  
    3515	743.719  
    3516	744.156  
    3517	743.844  
    3518	751.875  
    3519	748.000  
    3520	764.156  
    3521	759.781  
    3522	754.719  
    3523	749.562  
    3524	752.281  
    3525	755.281  
    3526	760.594  
    3527	765.156  
    3528	765.500  
    3529	764.000  
    3530	759.875  
    3531	755.625  
    3532	752.000  
    3533	751.562  
    3534	751.844  
    3535	750.719  
    3536	750.781  
    3537	750.937  
    3538	759.250  
    3539	755.437  
    3540	771.156  
    3541	766.437  
    3542	761.656  
    3543	756.437  
    3544	759.281  
    3545	761.187  
    3546	766.562  
    3547	769.844  
    3548	768.906  
    3549	765.469  
    3550	760.594  
    3551	755.844  
    3552	752.594  
    3553	750.000  
    3554	750.219  
    3555	751.125  
    3556	750.250  
    3557	750.000  
    3558	756.375  
    3559	752.750  
    3560	768.875  
    3561	764.531  
    3562	760.031  
    3563	754.125  
    3564	757.250  
    3565	759.094  
    3566	764.500  
    3567	767.625  
    3568	766.906  
    3569	763.969  
    3570	758.969  
    3571	753.406  
    3572	750.125  
    3573	748.000  
    3574	746.875  
    3575	745.562  
    3576	744.937  
    3577	743.875  
    3578	749.812  
    3579	746.875  
    3580	760.969  
    3581	754.125  
    3582	748.094  
    3583	742.594  
    3584	746.500  
    3585	748.531  
    3586	754.000  
    3587	757.750  
    3588	757.125  
    3589	753.437  
    3590	748.281  
    3591	743.562  
    3592	740.375  
    3593	738.500  
    3594	738.219  
    3595	736.594  
    3596	735.781  
    3597	735.406  
    3598	742.062  
    3599	737.781  
    3600	753.000  
    3601	748.531  
    3602	742.812  
    3603	737.969  
    3604	742.312  
    3605	744.500  
    3606	748.937  
    3607	752.937  
    3608	752.031  
    3609	747.844  
    3610	741.969  
    3611	736.281  
    3612	734.125  
    3613	733.844  
    3614	732.937  
    3615	732.500  
    3616	732.844  
    3617	733.062  
    3618	739.969  
    3619	737.156  
    3620	751.937  
    3621	746.281  
    3622	740.156  
    3623	734.062  
    3624	737.844  
    3625	739.937  
    3626	744.969  
    3627	748.594  
    3628	748.875  
    3629	745.312  
    3630	741.469  
    3631	738.531  
    3632	735.562  
    3633	733.125  
    3634	732.937  
    3635	733.031  
    3636	731.844  
    3637	731.719  
    3638	738.500  
    3639	734.844  
    3640	749.875  
    3641	745.906  
    3642	741.437  
    3643	735.719  
    3644	738.562  
    3645	740.625  
    3646	748.062  
    3647	751.781  
#  ***END
