#  JIO#
#  Name of dataset:	
#  Generating program:	Fresn-Main-AD2-v1.vi
#  Saved on file:	17-6-2025	14:01
#  Total number of sections:	1
#  ***SECTION	Dataset
#  *FREE
#  Model: CCD-S3600-D(-UV)
#  Hardware Revision: A1.00
#  Firmware Revision: A1.10
#  Serial Number:   015035288C33EBB5
#  type apertuur:
#  *PARA
#  n			aantal spleten 
#  a		mm	afstand tussen spleten 
#  b		mm	breedte spleten
#  l		m	Golflengte 
#  d	0	m	afstand puntbron tot apertuur
#  lB		m	afstand bronlens tot apertuur
#  fB		m	brandpuntsafstand bronlens
#  s	0	m	afstand apertuur tot scherm 
#  lS	 	m	afstand  apertuur tot schermlens 
#  fS		m	brandpuntsafstand schermlens 
#  p	8	um	Sensor Pixel Pitch
#  U	2.30	V	Voltage_Laserdiode
#  T	20	us	Integration Time
#  n	32		Scans per Acquisition
#  HwC	Off		Hardware Dark Correction
#  *DATA	3648	rows	2	columns
#  Index   	Averages
       0	485.281  
       1	500.250  
       2	515.000  
       3	525.531  
       4	544.094  
       5	560.375  
       6	579.031  
       7	593.750  
       8	602.344  
       9	608.156  
      10	611.906  
      11	615.469  
      12	618.750  
      13	623.094  
      14	627.781  
      15	631.750  
      16	635.750  
      17	638.000  
      18	648.531  
      19	647.469  
      20	660.812  
      21	661.500  
      22	660.219  
      23	656.594  
      24	661.969  
      25	666.187  
      26	672.094  
      27	675.844  
      28	677.625  
      29	677.312  
      30	675.062  
      31	673.312  
      32	672.469  
      33	672.750  
      34	673.687  
      35	675.625  
      36	676.406  
      37	676.281  
      38	684.000  
      39	680.687  
      40	693.406  
      41	691.687  
      42	688.156  
      43	682.844  
      44	687.719  
      45	690.625  
      46	695.531  
      47	699.344  
      48	698.937  
      49	696.562  
      50	693.469  
      51	690.469  
      52	689.250  
      53	687.812  
      54	689.031  
      55	688.656  
      56	688.406  
      57	688.281  
      58	694.687  
      59	691.406  
      60	703.469  
      61	700.062  
      62	696.281  
      63	690.656  
      64	695.312  
      65	698.937  
      66	705.094  
      67	709.250  
      68	710.625  
      69	707.562  
      70	704.281  
      71	701.312  
      72	699.312  
      73	698.062  
      74	698.250  
      75	698.781  
      76	699.437  
      77	698.969  
      78	706.219  
      79	702.906  
      80	717.562  
      81	715.156  
      82	711.281  
      83	705.844  
      84	710.594  
      85	713.250  
      86	716.469  
      87	719.656  
      88	719.875  
      89	717.562  
      90	714.750  
      91	711.187  
      92	708.875  
      93	707.250  
      94	707.125  
      95	707.031  
      96	706.750  
      97	706.406  
      98	712.562  
      99	708.719  
     100	721.781  
     101	718.875  
     102	714.281  
     103	708.250  
     104	711.844  
     105	713.969  
     106	718.812  
     107	721.750  
     108	721.781  
     109	719.000  
     110	715.062  
     111	712.281  
     112	709.687  
     113	707.750  
     114	706.750  
     115	705.625  
     116	704.969  
     117	703.531  
     118	708.969  
     119	704.250  
     120	716.156  
     121	712.344  
     122	708.312  
     123	702.312  
     124	705.812  
     125	708.094  
     126	710.344  
     127	713.125  
     128	712.187  
     129	709.250  
     130	706.594  
     131	702.844  
     132	699.687  
     133	697.219  
     134	695.625  
     135	695.281  
     136	693.625  
     137	692.187  
     138	697.969  
     139	693.094  
     140	705.125  
     141	701.187  
     142	696.094  
     143	690.000  
     144	692.562  
     145	694.750  
     146	699.031  
     147	702.156  
     148	701.281  
     149	699.437  
     150	694.906  
     151	691.344  
     152	689.031  
     153	687.750  
     154	687.594  
     155	687.344  
     156	687.312  
     157	687.156  
     158	693.594  
     159	689.875  
     160	701.687  
     161	697.187  
     162	693.969  
     163	688.125  
     164	691.844  
     165	695.812  
     166	700.062  
     167	702.594  
     168	703.375  
     169	701.094  
     170	698.062  
     171	695.594  
     172	694.031  
     173	693.812  
     174	694.406  
     175	694.844  
     176	695.906  
     177	695.469  
     178	702.781  
     179	699.219  
     180	712.187  
     181	709.687  
     182	705.687  
     183	700.937  
     184	704.625  
     185	708.531  
     186	713.469  
     187	716.250  
     188	716.844  
     189	714.312  
     190	712.562  
     191	710.000  
     192	707.625  
     193	706.812  
     194	707.719  
     195	707.937  
     196	708.750  
     197	708.687  
     198	715.687  
     199	711.937  
     200	725.719  
     201	721.719  
     202	717.437  
     203	712.281  
     204	715.812  
     205	717.781  
     206	722.781  
     207	726.281  
     208	726.500  
     209	722.500  
     210	718.750  
     211	716.031  
     212	713.937  
     213	712.125  
     214	711.250  
     215	712.000  
     216	713.000  
     217	713.187  
     218	719.812  
     219	716.062  
     220	730.187  
     221	725.312  
     222	719.656  
     223	713.656  
     224	717.781  
     225	719.469  
     226	723.156  
     227	724.906  
     228	724.594  
     229	721.281  
     230	717.375  
     231	712.469  
     232	708.844  
     233	707.125  
     234	706.875  
     235	706.281  
     236	704.875  
     237	704.656  
     238	711.250  
     239	706.250  
     240	718.687  
     241	714.625  
     242	709.656  
     243	703.094  
     244	705.281  
     245	706.719  
     246	711.031  
     247	713.406  
     248	712.906  
     249	710.375  
     250	705.687  
     251	701.812  
     252	698.906  
     253	697.344  
     254	695.844  
     255	695.344  
     256	693.844  
     257	693.156  
     258	699.562  
     259	694.875  
     260	706.062  
     261	702.875  
     262	698.625  
     263	693.000  
     264	696.156  
     265	699.344  
     266	704.969  
     267	707.656  
     268	707.562  
     269	704.562  
     270	700.094  
     271	696.187  
     272	693.250  
     273	691.750  
     274	691.625  
     275	691.125  
     276	690.937  
     277	691.469  
     278	698.437  
     279	693.781  
     280	706.719  
     281	703.844  
     282	700.312  
     283	696.031  
     284	700.375  
     285	704.312  
     286	709.969  
     287	713.437  
     288	713.312  
     289	711.562  
     290	708.406  
     291	705.781  
     292	705.125  
     293	705.656  
     294	705.094  
     295	707.156  
     296	708.750  
     297	708.281  
     298	715.656  
     299	712.750  
     300	726.937  
     301	724.219  
     302	720.437  
     303	716.344  
     304	720.281  
     305	723.500  
     306	727.437  
     307	731.375  
     308	732.031  
     309	730.844  
     310	728.312  
     311	725.469  
     312	723.031  
     313	721.687  
     314	721.687  
     315	722.844  
     316	723.219  
     317	722.937  
     318	729.687  
     319	726.062  
     320	739.625  
     321	736.219  
     322	730.937  
     323	725.937  
     324	730.156  
     325	733.687  
     326	738.906  
     327	743.219  
     328	741.812  
     329	737.625  
     330	732.750  
     331	729.156  
     332	726.625  
     333	724.187  
     334	723.687  
     335	723.687  
     336	723.781  
     337	722.375  
     338	728.031  
     339	724.062  
     340	736.375  
     341	731.594  
     342	726.062  
     343	719.719  
     344	723.062  
     345	724.656  
     346	730.125  
     347	733.469  
     348	732.844  
     349	729.750  
     350	725.875  
     351	720.531  
     352	716.844  
     353	715.125  
     354	713.469  
     355	712.812  
     356	711.250  
     357	709.844  
     358	715.750  
     359	710.219  
     360	723.187  
     361	717.969  
     362	712.219  
     363	706.687  
     364	709.094  
     365	710.969  
     366	714.750  
     367	717.125  
     368	715.906  
     369	712.187  
     370	708.844  
     371	704.375  
     372	701.281  
     373	698.656  
     374	698.531  
     375	698.344  
     376	699.219  
     377	699.250  
     378	705.187  
     379	701.687  
     380	714.281  
     381	710.844  
     382	705.719  
     383	699.375  
     384	703.094  
     385	705.094  
     386	710.312  
     387	711.844  
     388	711.594  
     389	709.812  
     390	706.062  
     391	703.281  
     392	700.719  
     393	700.187  
     394	699.344  
     395	700.719  
     396	701.906  
     397	702.125  
     398	709.281  
     399	706.469  
     400	720.594  
     401	718.125  
     402	714.719  
     403	710.187  
     404	713.719  
     405	716.531  
     406	722.187  
     407	725.937  
     408	726.594  
     409	725.281  
     410	722.375  
     411	719.000  
     412	718.625  
     413	719.531  
     414	719.969  
     415	721.000  
     416	722.062  
     417	722.406  
     418	729.406  
     419	726.844  
     420	741.750  
     421	737.312  
     422	733.656  
     423	728.312  
     424	732.062  
     425	734.937  
     426	740.219  
     427	744.875  
     428	745.562  
     429	744.625  
     430	741.594  
     431	738.156  
     432	736.000  
     433	735.750  
     434	736.844  
     435	737.312  
     436	738.000  
     437	737.531  
     438	743.750  
     439	740.000  
     440	755.187  
     441	751.094  
     442	746.625  
     443	741.094  
     444	744.844  
     445	747.094  
     446	752.812  
     447	755.000  
     448	754.906  
     449	752.625  
     450	748.406  
     451	744.312  
     452	740.937  
     453	738.781  
     454	737.937  
     455	737.781  
     456	738.094  
     457	736.531  
     458	742.625  
     459	739.031  
     460	753.531  
     461	747.781  
     462	741.812  
     463	735.219  
     464	737.844  
     465	739.562  
     466	744.750  
     467	747.125  
     468	745.219  
     469	740.656  
     470	735.719  
     471	729.875  
     472	726.687  
     473	723.531  
     474	722.094  
     475	721.281  
     476	720.750  
     477	718.406  
     478	723.906  
     479	719.312  
     480	731.344  
     481	726.750  
     482	721.250  
     483	714.562  
     484	717.437  
     485	720.594  
     486	725.250  
     487	727.031  
     488	726.969  
     489	724.656  
     490	719.969  
     491	716.094  
     492	713.250  
     493	710.969  
     494	710.531  
     495	709.844  
     496	709.625  
     497	708.719  
     498	715.906  
     499	712.625  
     500	725.312  
     501	721.344  
     502	716.375  
     503	710.469  
     504	714.844  
     505	717.250  
     506	722.687  
     507	726.687  
     508	727.375  
     509	724.812  
     510	721.750  
     511	718.687  
     512	717.344  
     513	715.187  
     514	714.406  
     515	715.187  
     516	715.844  
     517	715.844  
     518	723.281  
     519	719.344  
     520	733.719  
     521	730.875  
     522	727.219  
     523	723.219  
     524	728.219  
     525	732.687  
     526	740.281  
     527	744.656  
     528	746.219  
     529	744.750  
     530	740.750  
     531	738.594  
     532	738.062  
     533	737.187  
     534	737.437  
     535	738.375  
     536	739.250  
     537	739.750  
     538	747.187  
     539	744.562  
     540	760.750  
     541	756.844  
     542	751.375  
     543	747.844  
     544	753.000  
     545	757.094  
     546	764.500  
     547	768.531  
     548	768.500  
     549	765.562  
     550	761.625  
     551	758.000  
     552	757.187  
     553	757.031  
     554	756.625  
     555	757.062  
     556	759.156  
     557	759.125  
     558	766.031  
     559	762.562  
     560	778.562  
     561	773.250  
     562	767.781  
     563	761.969  
     564	764.437  
     565	767.156  
     566	773.531  
     567	776.344  
     568	775.250  
     569	771.312  
     570	765.406  
     571	759.250  
     572	755.125  
     573	752.937  
     574	751.906  
     575	749.719  
     576	749.406  
     577	747.062  
     578	753.656  
     579	749.937  
     580	765.281  
     581	759.406  
     582	753.375  
     583	746.531  
     584	748.875  
     585	751.125  
     586	754.656  
     587	756.531  
     588	755.437  
     589	752.344  
     590	747.500  
     591	743.531  
     592	740.187  
     593	737.125  
     594	735.719  
     595	734.281  
     596	733.719  
     597	730.875  
     598	736.594  
     599	731.219  
     600	743.906  
     601	739.156  
     602	734.812  
     603	727.812  
     604	731.562  
     605	733.937  
     606	738.937  
     607	742.344  
     608	741.594  
     609	736.469  
     610	731.156  
     611	727.437  
     612	724.969  
     613	723.719  
     614	723.312  
     615	722.625  
     616	723.187  
     617	723.031  
     618	730.531  
     619	727.031  
     620	741.250  
     621	736.719  
     622	732.719  
     623	727.969  
     624	732.437  
     625	735.500  
     626	740.844  
     627	745.250  
     628	745.937  
     629	743.250  
     630	741.469  
     631	737.969  
     632	735.531  
     633	735.937  
     634	737.281  
     635	738.687  
     636	740.094  
     637	740.625  
     638	748.687  
     639	746.344  
     640	763.219  
     641	760.406  
     642	757.656  
     643	752.844  
     644	757.250  
     645	762.406  
     646	769.375  
     647	774.000  
     648	775.969  
     649	774.469  
     650	770.906  
     651	766.781  
     652	765.531  
     653	764.875  
     654	765.687  
     655	767.281  
     656	768.594  
     657	767.812  
     658	775.937  
     659	773.625  
     660	792.687  
     661	788.437  
     662	784.844  
     663	779.812  
     664	784.312  
     665	787.562  
     666	795.125  
     667	799.187  
     668	800.562  
     669	796.937  
     670	790.625  
     671	785.500  
     672	783.094  
     673	781.531  
     674	781.594  
     675	781.687  
     676	782.562  
     677	781.937  
     678	787.406  
     679	782.750  
     680	800.406  
     681	794.312  
     682	787.031  
     683	780.531  
     684	783.344  
     685	784.469  
     686	788.094  
     687	790.750  
     688	788.187  
     689	781.344  
     690	776.375  
     691	771.031  
     692	769.219  
     693	765.594  
     694	763.219  
     695	760.844  
     696	760.531  
     697	759.094  
     698	764.687  
     699	758.406  
     700	772.312  
     701	766.687  
     702	760.750  
     703	752.969  
     704	754.062  
     705	755.375  
     706	760.687  
     707	763.187  
     708	762.000  
     709	757.812  
     710	752.187  
     711	746.500  
     712	742.375  
     713	738.844  
     714	736.844  
     715	735.437  
     716	735.500  
     717	733.844  
     718	740.344  
     719	736.406  
     720	750.437  
     721	745.406  
     722	739.625  
     723	733.375  
     724	735.687  
     725	738.281  
     726	743.125  
     727	745.187  
     728	745.281  
     729	742.781  
     730	738.594  
     731	734.375  
     732	730.969  
     733	728.594  
     734	728.375  
     735	729.125  
     736	729.656  
     737	728.906  
     738	736.250  
     739	732.750  
     740	748.625  
     741	745.156  
     742	741.219  
     743	737.500  
     744	742.250  
     745	746.437  
     746	753.062  
     747	757.750  
     748	759.906  
     749	758.375  
     750	756.094  
     751	754.094  
     752	754.562  
     753	754.500  
     754	754.969  
     755	755.406  
     756	757.344  
     757	758.875  
     758	768.750  
     759	767.281  
     760	785.344  
     761	780.875  
     762	777.406  
     763	773.156  
     764	778.906  
     765	783.594  
     766	791.375  
     767	797.062  
     768	798.906  
     769	796.687  
     770	793.406  
     771	791.156  
     772	791.062  
     773	791.531  
     774	793.969  
     775	795.969  
     776	796.219  
     777	796.437  
     778	804.562  
     779	800.906  
     780	821.031  
     781	816.531  
     782	811.344  
     783	805.937  
     784	811.312  
     785	815.750  
     786	822.062  
     787	827.031  
     788	826.969  
     789	822.906  
     790	817.781  
     791	814.406  
     792	811.594  
     793	809.281  
     794	808.469  
     795	810.344  
     796	810.250  
     797	807.531  
     798	812.531  
     799	807.187  
     800	824.594  
     801	816.312  
     802	808.344  
     803	801.156  
     804	801.719  
     805	803.219  
     806	809.250  
     807	813.187  
     808	811.500  
     809	805.344  
     810	799.937  
     811	793.094  
     812	787.062  
     813	784.437  
     814	782.656  
     815	779.875  
     816	777.625  
     817	773.500  
     818	778.312  
     819	772.531  
     820	787.937  
     821	780.156  
     822	772.344  
     823	764.937  
     824	765.844  
     825	764.812  
     826	768.844  
     827	770.469  
     828	768.125  
     829	762.906  
     830	757.312  
     831	752.406  
     832	749.844  
     833	746.750  
     834	745.406  
     835	744.562  
     836	743.844  
     837	741.156  
     838	746.781  
     839	743.250  
     840	757.406  
     841	753.656  
     842	748.969  
     843	742.281  
     844	745.094  
     845	746.687  
     846	751.187  
     847	755.031  
     848	754.875  
     849	752.000  
     850	749.062  
     851	745.719  
     852	743.312  
     853	742.594  
     854	742.875  
     855	744.031  
     856	744.062  
     857	744.750  
     858	752.062  
     859	750.062  
     860	768.719  
     861	766.250  
     862	761.906  
     863	757.750  
     864	762.500  
     865	768.000  
     866	776.594  
     867	781.562  
     868	782.844  
     869	781.937  
     870	780.281  
     871	778.937  
     872	777.594  
     873	778.781  
     874	782.437  
     875	785.062  
     876	787.781  
     877	790.094  
     878	799.156  
     879	798.062  
     880	819.500  
     881	816.812  
     882	812.969  
     883	810.031  
     884	814.594  
     885	818.219  
     886	825.094  
     887	831.312  
     888	833.812  
     889	832.031  
     890	827.594  
     891	825.062  
     892	822.750  
     893	823.719  
     894	825.625  
     895	827.031  
     896	827.656  
     897	828.000  
     898	835.094  
     899	832.406  
     900	854.687  
     901	847.031  
     902	839.437  
     903	833.812  
     904	836.062  
     905	839.437  
     906	847.812  
     907	852.031  
     908	851.656  
     909	845.344  
     910	839.562  
     911	832.469  
     912	827.062  
     913	824.500  
     914	822.531  
     915	822.625  
     916	821.062  
     917	818.219  
     918	823.437  
     919	818.031  
     920	836.781  
     921	829.469  
     922	821.375  
     923	814.156  
     924	816.312  
     925	817.969  
     926	822.031  
     927	824.625  
     928	820.781  
     929	813.750  
     930	807.156  
     931	799.969  
     932	795.781  
     933	790.969  
     934	789.000  
     935	787.562  
     936	785.687  
     937	782.219  
     938	788.062  
     939	782.469  
     940	797.750  
     941	790.187  
     942	783.344  
     943	774.875  
     944	776.656  
     945	778.406  
     946	782.469  
     947	784.594  
     948	781.406  
     949	775.625  
     950	770.250  
     951	764.437  
     952	761.969  
     953	760.344  
     954	757.812  
     955	756.656  
     956	756.906  
     957	756.687  
     958	761.812  
     959	757.031  
     960	772.969  
     961	767.844  
     962	763.406  
     963	758.156  
     964	761.750  
     965	764.656  
     966	772.687  
     967	776.687  
     968	777.094  
     969	775.469  
     970	772.031  
     971	770.250  
     972	768.406  
     973	768.250  
     974	769.375  
     975	770.500  
     976	774.656  
     977	775.969  
     978	786.312  
     979	785.250  
     980	804.781  
     981	802.656  
     982	799.625  
     983	796.594  
     984	804.625  
     985	810.469  
     986	820.656  
     987	828.281  
     988	831.312  
     989	830.500  
     990	829.875  
     991	826.375  
     992	825.406  
     993	826.031  
     994	829.031  
     995	832.656  
     996	835.625  
     997	837.219  
     998	848.375  
     999	848.062  
    1000	873.781  
    1001	870.344  
    1002	866.312  
    1003	864.875  
    1004	873.281  
    1005	880.281  
    1006	890.125  
    1007	897.469  
    1008	900.000  
    1009	899.031  
    1010	893.437  
    1011	886.656  
    1012	883.875  
    1013	884.094  
    1014	886.125  
    1015	889.937  
    1016	892.344  
    1017	892.469  
    1018	898.969  
    1019	897.406  
    1020	922.969  
    1021	912.906  
    1022	904.969  
    1023	898.156  
    1024	903.125  
    1025	906.656  
    1026	911.375  
    1027	914.156  
    1028	913.156  
    1029	907.344  
    1030	898.625  
    1031	889.187  
    1032	881.969  
    1033	878.156  
    1034	874.312  
    1035	871.187  
    1036	869.625  
    1037	865.969  
    1038	867.937  
    1039	862.781  
    1040	881.469  
    1041	870.344  
    1042	858.312  
    1043	849.125  
    1044	850.562  
    1045	849.562  
    1046	853.000  
    1047	857.281  
    1048	854.937  
    1049	846.469  
    1050	837.875  
    1051	829.000  
    1052	823.094  
    1053	817.281  
    1054	814.406  
    1055	810.687  
    1056	808.219  
    1057	803.594  
    1058	806.687  
    1059	801.156  
    1060	816.312  
    1061	807.062  
    1062	798.656  
    1063	791.406  
    1064	793.062  
    1065	794.219  
    1066	798.469  
    1067	801.031  
    1068	800.812  
    1069	795.875  
    1070	789.875  
    1071	784.125  
    1072	782.031  
    1073	779.812  
    1074	777.281  
    1075	776.594  
    1076	776.125  
    1077	777.000  
    1078	782.969  
    1079	779.625  
    1080	797.625  
    1081	792.062  
    1082	787.437  
    1083	784.094  
    1084	789.750  
    1085	794.094  
    1086	800.156  
    1087	806.375  
    1088	807.812  
    1089	806.937  
    1090	803.469  
    1091	803.281  
    1092	803.750  
    1093	804.781  
    1094	808.875  
    1095	814.312  
    1096	818.719  
    1097	820.687  
    1098	831.250  
    1099	831.719  
    1100	857.875  
    1101	855.094  
    1102	853.531  
    1103	852.156  
    1104	858.750  
    1105	867.094  
    1106	879.937  
    1107	892.844  
    1108	898.531  
    1109	897.469  
    1110	895.500  
    1111	893.594  
    1112	895.375  
    1113	899.094  
    1114	904.500  
    1115	909.031  
    1116	914.875  
    1117	918.687  
    1118	928.344  
    1119	930.812  
    1120	961.219  
    1121	954.500  
    1122	948.500  
    1123	946.187  
    1124	952.125  
    1125	956.625  
    1126	968.094  
    1127	977.594  
    1128	979.781  
    1129	974.344  
    1130	967.625  
    1131	962.500  
    1132	959.344  
    1133	958.500  
    1134	958.844  
    1135	957.875  
    1136	956.719  
    1137	952.875  
    1138	955.812  
    1139	951.812  
    1140	978.031  
    1141	966.875  
    1142	954.812  
    1143	948.062  
    1144	950.375  
    1145	951.469  
    1146	958.625  
    1147	962.781  
    1148	959.500  
    1149	949.250  
    1150	937.437  
    1151	929.719  
    1152	924.062  
    1153	918.500  
    1154	914.562  
    1155	911.156  
    1156	906.906  
    1157	902.937  
    1158	905.812  
    1159	900.406  
    1160	921.156  
    1161	907.375  
    1162	893.469  
    1163	882.156  
    1164	881.187  
    1165	877.812  
    1166	880.344  
    1167	880.156  
    1168	876.406  
    1169	867.562  
    1170	854.750  
    1171	845.094  
    1172	835.750  
    1173	830.531  
    1174	829.344  
    1175	826.344  
    1176	822.187  
    1177	818.250  
    1178	821.687  
    1179	816.250  
    1180	834.656  
    1181	824.281  
    1182	815.469  
    1183	806.687  
    1184	808.469  
    1185	809.625  
    1186	815.625  
    1187	818.500  
    1188	817.625  
    1189	814.000  
    1190	808.812  
    1191	804.000  
    1192	800.875  
    1193	798.812  
    1194	799.375  
    1195	800.656  
    1196	801.875  
    1197	801.437  
    1198	809.187  
    1199	806.531  
    1200	829.250  
    1201	825.125  
    1202	820.156  
    1203	818.187  
    1204	824.531  
    1205	830.625  
    1206	840.844  
    1207	850.719  
    1208	853.875  
    1209	853.969  
    1210	853.125  
    1211	851.500  
    1212	852.094  
    1213	857.000  
    1214	862.719  
    1215	869.875  
    1216	874.594  
    1217	881.125  
    1218	894.281  
    1219	897.937  
    1220	931.656  
    1221	926.750  
    1222	924.656  
    1223	923.125  
    1224	932.437  
    1225	939.469  
    1226	951.844  
    1227	965.000  
    1228	970.250  
    1229	967.844  
    1230	965.406  
    1231	965.594  
    1232	967.094  
    1233	971.844  
    1234	978.219  
    1235	982.750  
    1236	985.875  
    1237	989.844  
    1238	999.656  
    1239	1004.094 
    1240	1045.500 
    1241	1041.844 
    1242	1030.156 
    1243	1028.187 
    1244	1032.750 
    1245	1037.906 
    1246	1051.062 
    1247	1061.594 
    1248	1059.687 
    1249	1053.969 
    1250	1043.469 
    1251	1034.531 
    1252	1027.062 
    1253	1023.031 
    1254	1020.969 
    1255	1020.000 
    1256	1019.125 
    1257	1015.312 
    1258	1018.937 
    1259	1018.219 
    1260	1050.844 
    1261	1039.000 
    1262	1022.969 
    1263	1010.875 
    1264	1009.000 
    1265	1007.281 
    1266	1012.875 
    1267	1016.687 
    1268	1011.687 
    1269	999.625  
    1270	984.344  
    1271	970.156  
    1272	961.594  
    1273	954.781  
    1274	948.312  
    1275	945.562  
    1276	939.750  
    1277	933.156  
    1278	933.781  
    1279	925.375  
    1280	947.625  
    1281	931.187  
    1282	916.875  
    1283	906.531  
    1284	904.656  
    1285	902.500  
    1286	906.406  
    1287	906.656  
    1288	902.094  
    1289	891.969  
    1290	882.437  
    1291	875.937  
    1292	868.969  
    1293	863.500  
    1294	858.937  
    1295	857.844  
    1296	855.719  
    1297	854.344  
    1298	861.562  
    1299	858.687  
    1300	882.437  
    1301	872.906  
    1302	865.469  
    1303	858.219  
    1304	859.812  
    1305	862.531  
    1306	869.937  
    1307	878.562  
    1308	878.937  
    1309	875.219  
    1310	871.875  
    1311	868.594  
    1312	867.250  
    1313	868.469  
    1314	871.531  
    1315	876.000  
    1316	880.312  
    1317	887.000  
    1318	898.531  
    1319	902.906  
    1320	935.625  
    1321	932.969  
    1322	930.656  
    1323	931.687  
    1324	943.125  
    1325	953.500  
    1326	971.250  
    1327	985.156  
    1328	992.125  
    1329	993.094  
    1330	994.500  
    1331	996.750  
    1332	1000.094 
    1333	1008.094 
    1334	1020.281 
    1335	1029.531 
    1336	1039.031 
    1337	1047.062 
    1338	1061.312 
    1339	1070.656 
    1340	1117.344 
    1341	1110.406 
    1342	1106.312 
    1343	1112.344 
    1344	1122.562 
    1345	1135.312 
    1346	1152.812 
    1347	1166.437 
    1348	1167.219 
    1349	1159.594 
    1350	1150.187 
    1351	1149.531 
    1352	1151.969 
    1353	1155.250 
    1354	1158.750 
    1355	1165.937 
    1356	1172.125 
    1357	1173.437 
    1358	1179.062 
    1359	1179.000 
    1360	1221.937 
    1361	1201.437 
    1362	1186.812 
    1363	1181.875 
    1364	1178.844 
    1365	1180.437 
    1366	1191.125 
    1367	1197.719 
    1368	1197.656 
    1369	1184.656 
    1370	1167.531 
    1371	1153.719 
    1372	1145.062 
    1373	1135.656 
    1374	1130.250 
    1375	1124.469 
    1376	1117.250 
    1377	1111.437 
    1378	1112.906 
    1379	1109.594 
    1380	1141.250 
    1381	1115.312 
    1382	1092.656 
    1383	1081.031 
    1384	1074.375 
    1385	1067.250 
    1386	1066.250 
    1387	1064.719 
    1388	1052.187 
    1389	1037.469 
    1390	1017.187 
    1391	997.375  
    1392	980.312  
    1393	969.375  
    1394	960.125  
    1395	951.906  
    1396	943.906  
    1397	933.500  
    1398	931.375  
    1399	922.469  
    1400	942.750  
    1401	928.031  
    1402	913.625  
    1403	902.687  
    1404	901.375  
    1405	899.969  
    1406	902.875  
    1407	903.312  
    1408	899.094  
    1409	889.156  
    1410	879.062  
    1411	869.687  
    1412	862.125  
    1413	858.281  
    1414	855.281  
    1415	852.469  
    1416	852.500  
    1417	850.406  
    1418	857.562  
    1419	856.375  
    1420	880.750  
    1421	874.937  
    1422	871.281  
    1423	868.187  
    1424	873.625  
    1425	881.375  
    1426	893.906  
    1427	905.562  
    1428	912.250  
    1429	915.094  
    1430	915.625  
    1431	918.375  
    1432	924.562  
    1433	932.437  
    1434	939.531  
    1435	952.156  
    1436	966.844  
    1437	982.750  
    1438	1003.594 
    1439	1018.750 
    1440	1070.187 
    1441	1077.906 
    1442	1081.344 
    1443	1088.125 
    1444	1106.250 
    1445	1122.156 
    1446	1149.719 
    1447	1182.437 
    1448	1197.250 
    1449	1199.687 
    1450	1204.969 
    1451	1215.000 
    1452	1230.375 
    1453	1245.000 
    1454	1260.531 
    1455	1282.219 
    1456	1309.000 
    1457	1334.281 
    1458	1355.594 
    1459	1361.406 
    1460	1409.969 
    1461	1370.437 
    1462	1351.437 
    1463	1354.281 
    1464	1369.406 
    1465	1393.250 
    1466	1424.656 
    1467	1445.719 
    1468	1442.219 
    1469	1422.937 
    1470	1393.906 
    1471	1384.187 
    1472	1388.969 
    1473	1413.969 
    1474	1439.469 
    1475	1451.375 
    1476	1441.250 
    1477	1428.812 
    1478	1433.469 
    1479	1449.125 
    1480	1506.781 
    1481	1462.937 
    1482	1434.125 
    1483	1429.000 
    1484	1417.094 
    1485	1406.344 
    1486	1410.344 
    1487	1412.375 
    1488	1402.937 
    1489	1373.719 
    1490	1344.187 
    1491	1322.312 
    1492	1303.000 
    1493	1282.906 
    1494	1270.094 
    1495	1260.781 
    1496	1249.531 
    1497	1237.000 
    1498	1230.500 
    1499	1228.656 
    1500	1266.687 
    1501	1230.625 
    1502	1197.156 
    1503	1178.406 
    1504	1169.125 
    1505	1156.812 
    1506	1156.875 
    1507	1153.625 
    1508	1142.594 
    1509	1122.031 
    1510	1096.844 
    1511	1074.719 
    1512	1058.531 
    1513	1045.625 
    1514	1033.594 
    1515	1021.094 
    1516	1009.187 
    1517	995.562  
    1518	988.937  
    1519	978.250  
    1520	1000.125 
    1521	980.687  
    1522	961.375  
    1523	950.437  
    1524	949.187  
    1525	944.937  
    1526	947.937  
    1527	951.375  
    1528	947.125  
    1529	937.812  
    1530	927.437  
    1531	919.781  
    1532	915.031  
    1533	914.062  
    1534	916.187  
    1535	918.406  
    1536	921.062  
    1537	923.969  
    1538	936.937  
    1539	944.219  
    1540	980.906  
    1541	977.375  
    1542	978.062  
    1543	985.750  
    1544	1002.156 
    1545	1018.562 
    1546	1050.000 
    1547	1084.875 
    1548	1104.562 
    1549	1119.969 
    1550	1132.125 
    1551	1142.875 
    1552	1157.375 
    1553	1177.031 
    1554	1200.656 
    1555	1227.062 
    1556	1251.719 
    1557	1276.594 
    1558	1310.781 
    1559	1348.750 
    1560	1436.406 
    1561	1431.969 
    1562	1433.062 
    1563	1450.531 
    1564	1473.344 
    1565	1493.469 
    1566	1541.875 
    1567	1579.937 
    1568	1601.500 
    1569	1612.750 
    1570	1617.844 
    1571	1623.781 
    1572	1641.437 
    1573	1658.687 
    1574	1679.125 
    1575	1702.531 
    1576	1723.156 
    1577	1735.969 
    1578	1761.469 
    1579	1795.844 
    1580	1861.687 
    1581	1790.312 
    1582	1756.312 
    1583	1758.906 
    1584	1770.531 
    1585	1785.000 
    1586	1821.031 
    1587	1852.437 
    1588	1856.469 
    1589	1836.437 
    1590	1830.156 
    1591	1816.500 
    1592	1806.969 
    1593	1802.125 
    1594	1801.375 
    1595	1798.062 
    1596	1788.375 
    1597	1765.500 
    1598	1750.750 
    1599	1749.906 
    1600	1804.375 
    1601	1730.156 
    1602	1677.969 
    1603	1661.969 
    1604	1639.094 
    1605	1628.625 
    1606	1628.844 
    1607	1614.937 
    1608	1575.406 
    1609	1532.281 
    1610	1487.750 
    1611	1454.906 
    1612	1427.312 
    1613	1400.375 
    1614	1376.375 
    1615	1358.437 
    1616	1338.500 
    1617	1313.812 
    1618	1296.312 
    1619	1279.187 
    1620	1296.875 
    1621	1251.375 
    1622	1210.000 
    1623	1183.469 
    1624	1162.281 
    1625	1147.656 
    1626	1138.937 
    1627	1130.875 
    1628	1111.312 
    1629	1085.469 
    1630	1060.500 
    1631	1040.969 
    1632	1024.812 
    1633	1010.969 
    1634	1000.031 
    1635	994.437  
    1636	992.219  
    1637	989.250  
    1638	997.656  
    1639	997.906  
    1640	1034.344 
    1641	1034.625 
    1642	1032.281 
    1643	1036.906 
    1644	1055.812 
    1645	1078.656 
    1646	1114.156 
    1647	1151.969 
    1648	1182.969 
    1649	1210.844 
    1650	1234.937 
    1651	1265.687 
    1652	1307.969 
    1653	1354.906 
    1654	1414.937 
    1655	1494.469 
    1656	1569.750 
    1657	1643.437 
    1658	1723.500 
    1659	1829.500 
    1660	1994.375 
    1661	2008.156 
    1662	2045.844 
    1663	2124.312 
    1664	2191.969 
    1665	2291.844 
    1666	2410.875 
    1667	2510.531 
    1668	2568.156 
    1669	2633.062 
    1670	2700.750 
    1671	2791.906 
    1672	2900.562 
    1673	3006.844 
    1674	3095.562 
    1675	3196.687 
    1676	3321.656 
    1677	3434.250 
    1678	3527.375 
    1679	3709.406 
    1680	3823.469 
    1681	3807.406 
    1682	3880.625 
    1683	4005.156 
    1684	4085.406 
    1685	4204.094 
    1686	4340.094 
    1687	4475.562 
    1688	4533.031 
    1689	4615.969 
    1690	4705.906 
    1691	4761.375 
    1692	4820.906 
    1693	4915.344 
    1694	4987.875 
    1695	5032.969 
    1696	5087.062 
    1697	5145.156 
    1698	5197.375 
    1699	5364.656 
    1700	5425.812 
    1701	5327.719 
    1702	5353.125 
    1703	5420.906 
    1704	5394.344 
    1705	5429.000 
    1706	5463.000 
    1707	5490.437 
    1708	5466.750 
    1709	5409.344 
    1710	5337.687 
    1711	5292.656 
    1712	5296.562 
    1713	5271.156 
    1714	5225.875 
    1715	5214.625 
    1716	5190.125 
    1717	5110.094 
    1718	5018.219 
    1719	5072.687 
    1720	5007.437 
    1721	4768.250 
    1722	4652.437 
    1723	4626.281 
    1724	4509.562 
    1725	4448.094 
    1726	4390.781 
    1727	4299.094 
    1728	4194.937 
    1729	4081.844 
    1730	3959.406 
    1731	3846.156 
    1732	3749.906 
    1733	3644.750 
    1734	3527.437 
    1735	3408.031 
    1736	3276.000 
    1737	3184.656 
    1738	3089.469 
    1739	3042.750 
    1740	2983.062 
    1741	2765.500 
    1742	2641.531 
    1743	2582.875 
    1744	2486.969 
    1745	2424.469 
    1746	2377.969 
    1747	2314.656 
    1748	2222.562 
    1749	2142.844 
    1750	2075.219 
    1751	2023.750 
    1752	1991.437 
    1753	1964.656 
    1754	1947.219 
    1755	1946.062 
    1756	1943.500 
    1757	1951.187 
    1758	1991.844 
    1759	2065.844 
    1760	2180.281 
    1761	2154.156 
    1762	2188.406 
    1763	2278.375 
    1764	2391.969 
    1765	2550.844 
    1766	2732.781 
    1767	2910.469 
    1768	3130.250 
    1769	3295.594 
    1770	3426.500 
    1771	3667.906 
    1772	3953.406 
    1773	4222.500 
    1774	4513.656 
    1775	4748.000 
    1776	4968.531 
    1777	5258.375 
    1778	5637.187 
    1779	6223.750 
    1780	6693.781 
    1781	7059.562 
    1782	7482.312 
    1783	8039.000 
    1784	8610.906 
    1785	9335.937 
    1786	10170.812
    1787	10887.344
    1788	11438.219
    1789	11915.281
    1790	12317.187
    1791	13043.312
    1792	13785.125
    1793	14572.656
    1794	15269.844
    1795	16331.937
    1796	17149.250
    1797	17807.312
    1798	18643.469
    1799	19536.719
    1800	20387.312
    1801	20962.375
    1802	21982.500
    1803	23177.250
    1804	24230.719
    1805	25812.094
    1806	26910.312
    1807	27451.562
    1808	28299.437
    1809	29482.437
    1810	30553.156
    1811	31391.844
    1812	32143.500
    1813	33744.969
    1814	35462.094
    1815	36260.406
    1816	36652.656
    1817	37193.156
    1818	38042.750
    1819	39187.344
    1820	40490.625
    1821	41849.344
    1822	43476.094
    1823	44315.031
    1824	45268.219
    1825	46387.531
    1826	47187.812
    1827	48167.625
    1828	49122.281
    1829	50467.344
    1830	52385.719
    1831	53854.062
    1832	55009.656
    1833	55723.750
    1834	56330.687
    1835	57555.281
    1836	58744.062
    1837	59223.000
    1838	59562.750
    1839	60968.656
    1840	62170.344
    1841	62429.344
    1842	63089.187
    1843	63729.750
    1844	64204.781
    1845	64627.594
    1846	64887.344
    1847	65127.687
    1848	65262.344
    1849	65381.156
    1850	65493.656
    1851	65524.531
    1852	65535.000
    1853	65535.000
    1854	65535.000
    1855	65535.000
    1856	65535.000
    1857	65535.000
    1858	65535.000
    1859	65535.000
    1860	65535.000
    1861	65535.000
    1862	65535.000
    1863	65535.000
    1864	65535.000
    1865	65535.000
    1866	65535.000
    1867	65535.000
    1868	65535.000
    1869	65535.000
    1870	65535.000
    1871	65535.000
    1872	65535.000
    1873	65535.000
    1874	65535.000
    1875	65535.000
    1876	65535.000
    1877	65535.000
    1878	65535.000
    1879	65535.000
    1880	65535.000
    1881	65535.000
    1882	65535.000
    1883	65535.000
    1884	65535.000
    1885	65535.000
    1886	65535.000
    1887	65520.312
    1888	65461.719
    1889	65362.187
    1890	65172.219
    1891	64806.656
    1892	64331.344
    1893	64128.781
    1894	63868.625
    1895	63346.281
    1896	63005.375
    1897	62706.812
    1898	62210.469
    1899	61591.250
    1900	60740.687
    1901	59972.937
    1902	59063.812
    1903	57973.125
    1904	56982.250
    1905	56326.406
    1906	55623.344
    1907	54922.625
    1908	54622.562
    1909	54208.656
    1910	53144.906
    1911	51670.406
    1912	50312.000
    1913	49444.531
    1914	48700.437
    1915	47408.531
    1916	45885.375
    1917	44909.375
    1918	43789.750
    1919	42403.687
    1920	41134.937
    1921	40006.031
    1922	38900.094
    1923	37629.125
    1924	36504.031
    1925	35632.969
    1926	34414.562
    1927	33229.031
    1928	32106.312
    1929	31300.219
    1930	30288.375
    1931	28833.250
    1932	27860.656
    1933	27390.500
    1934	26509.344
    1935	25002.219
    1936	23890.312
    1937	23334.969
    1938	22635.625
    1939	21750.812
    1940	20710.812
    1941	19565.094
    1942	18568.875
    1943	17861.719
    1944	17149.437
    1945	16534.125
    1946	15879.281
    1947	15245.594
    1948	14571.594
    1949	13703.500
    1950	12835.937
    1951	12159.219
    1952	11690.750
    1953	11327.969
    1954	10708.125
    1955	10119.437
    1956	9660.031 
    1957	9033.656 
    1958	8362.375 
    1959	8023.531 
    1960	7711.687 
    1961	7209.719 
    1962	6591.844 
    1963	6168.594 
    1964	5826.719 
    1965	5436.437 
    1966	5087.781 
    1967	4790.125 
    1968	4455.562 
    1969	4151.656 
    1970	3922.375 
    1971	3697.125 
    1972	3463.187 
    1973	3268.531 
    1974	3108.250 
    1975	2986.406 
    1976	2846.250 
    1977	2725.094 
    1978	2609.531 
    1979	2551.031 
    1980	2488.562 
    1981	2305.031 
    1982	2223.969 
    1983	2203.375 
    1984	2152.812 
    1985	2117.500 
    1986	2125.250 
    1987	2103.000 
    1988	2080.406 
    1989	2060.750 
    1990	2048.437 
    1991	2071.187 
    1992	2109.312 
    1993	2150.375 
    1994	2197.875 
    1995	2276.281 
    1996	2365.562 
    1997	2462.187 
    1998	2552.531 
    1999	2696.406 
    2000	2856.562 
    2001	2815.844 
    2002	2832.906 
    2003	2932.937 
    2004	3010.281 
    2005	3133.937 
    2006	3274.844 
    2007	3371.937 
    2008	3433.250 
    2009	3517.750 
    2010	3616.719 
    2011	3697.156 
    2012	3768.812 
    2013	3889.625 
    2014	4028.875 
    2015	4152.625 
    2016	4240.062 
    2017	4320.812 
    2018	4401.094 
    2019	4557.344 
    2020	4587.562 
    2021	4519.312 
    2022	4563.219 
    2023	4697.969 
    2024	4759.906 
    2025	4875.562 
    2026	5010.250 
    2027	5077.937 
    2028	5069.250 
    2029	5043.094 
    2030	5060.781 
    2031	5087.125 
    2032	5095.687 
    2033	5095.906 
    2034	5094.187 
    2035	5109.844 
    2036	5108.594 
    2037	5093.406 
    2038	5080.312 
    2039	5151.719 
    2040	5126.000 
    2041	4970.031 
    2042	4921.344 
    2043	4961.812 
    2044	4880.937 
    2045	4859.312 
    2046	4860.875 
    2047	4784.094 
    2048	4662.875 
    2049	4589.281 
    2050	4580.906 
    2051	4530.594 
    2052	4380.625 
    2053	4287.406 
    2054	4293.156 
    2055	4307.531 
    2056	4215.719 
    2057	4060.031 
    2058	3907.437 
    2059	3829.844 
    2060	3718.187 
    2061	3527.969 
    2062	3453.656 
    2063	3406.375 
    2064	3297.969 
    2065	3233.062 
    2066	3190.750 
    2067	3098.281 
    2068	2974.906 
    2069	2870.312 
    2070	2825.250 
    2071	2799.687 
    2072	2780.344 
    2073	2735.875 
    2074	2630.000 
    2075	2512.000 
    2076	2427.594 
    2077	2371.750 
    2078	2325.375 
    2079	2273.812 
    2080	2261.687 
    2081	2115.375 
    2082	2016.500 
    2083	1972.250 
    2084	1909.781 
    2085	1865.094 
    2086	1833.062 
    2087	1793.437 
    2088	1739.562 
    2089	1675.781 
    2090	1618.844 
    2091	1565.719 
    2092	1516.500 
    2093	1486.344 
    2094	1462.375 
    2095	1436.969 
    2096	1413.125 
    2097	1389.375 
    2098	1371.750 
    2099	1365.781 
    2100	1398.969 
    2101	1355.656 
    2102	1323.094 
    2103	1310.000 
    2104	1303.219 
    2105	1300.937 
    2106	1316.687 
    2107	1325.656 
    2108	1325.281 
    2109	1318.469 
    2110	1310.125 
    2111	1310.594 
    2112	1315.625 
    2113	1331.406 
    2114	1348.594 
    2115	1366.062 
    2116	1386.500 
    2117	1405.406 
    2118	1430.062 
    2119	1465.844 
    2120	1549.062 
    2121	1537.687 
    2122	1538.281 
    2123	1564.312 
    2124	1588.719 
    2125	1625.437 
    2126	1680.156 
    2127	1725.781 
    2128	1747.406 
    2129	1753.937 
    2130	1764.594 
    2131	1782.844 
    2132	1815.031 
    2133	1841.844 
    2134	1858.844 
    2135	1888.750 
    2136	1912.500 
    2137	1932.469 
    2138	1962.219 
    2139	2016.781 
    2140	2112.875 
    2141	2059.031 
    2142	2047.250 
    2143	2073.875 
    2144	2065.875 
    2145	2062.344 
    2146	2083.187 
    2147	2110.969 
    2148	2109.937 
    2149	2096.125 
    2150	2075.125 
    2151	2067.531 
    2152	2051.937 
    2153	2051.437 
    2154	2049.906 
    2155	2046.094 
    2156	2063.437 
    2157	2077.750 
    2158	2090.781 
    2159	2132.281 
    2160	2182.500 
    2161	2075.000 
    2162	2017.812 
    2163	2011.375 
    2164	1988.062 
    2165	1973.250 
    2166	1988.125 
    2167	1994.125 
    2168	1963.406 
    2169	1928.594 
    2170	1899.312 
    2171	1873.906 
    2172	1853.250 
    2173	1840.156 
    2174	1829.469 
    2175	1816.187 
    2176	1795.937 
    2177	1765.219 
    2178	1744.719 
    2179	1741.594 
    2180	1776.594 
    2181	1687.906 
    2182	1624.656 
    2183	1595.187 
    2184	1564.687 
    2185	1543.969 
    2186	1531.750 
    2187	1515.719 
    2188	1489.937 
    2189	1440.687 
    2190	1398.750 
    2191	1365.281 
    2192	1338.219 
    2193	1314.687 
    2194	1295.406 
    2195	1277.781 
    2196	1258.531 
    2197	1237.437 
    2198	1222.219 
    2199	1200.812 
    2200	1224.031 
    2201	1179.375 
    2202	1145.312 
    2203	1121.281 
    2204	1107.250 
    2205	1095.531 
    2206	1088.562 
    2207	1082.812 
    2208	1066.406 
    2209	1044.437 
    2210	1022.250 
    2211	1001.062 
    2212	982.562  
    2213	971.281  
    2214	965.094  
    2215	960.656  
    2216	958.500  
    2217	951.937  
    2218	954.187  
    2219	951.594  
    2220	978.406  
    2221	965.281  
    2222	954.281  
    2223	949.812  
    2224	951.875  
    2225	957.344  
    2226	971.000  
    2227	985.469  
    2228	990.812  
    2229	991.875  
    2230	992.000  
    2231	996.469  
    2232	1004.094 
    2233	1015.094 
    2234	1026.531 
    2235	1039.500 
    2236	1053.562 
    2237	1065.156 
    2238	1085.562 
    2239	1101.000 
    2240	1154.937 
    2241	1156.906 
    2242	1160.812 
    2243	1172.594 
    2244	1188.594 
    2245	1207.781 
    2246	1242.469 
    2247	1272.719 
    2248	1282.125 
    2249	1285.562 
    2250	1292.187 
    2251	1301.406 
    2252	1318.000 
    2253	1334.969 
    2254	1351.844 
    2255	1368.750 
    2256	1383.219 
    2257	1393.781 
    2258	1410.312 
    2259	1438.375 
    2260	1515.812 
    2261	1496.594 
    2262	1485.250 
    2263	1497.250 
    2264	1498.375 
    2265	1506.062 
    2266	1531.437 
    2267	1556.531 
    2268	1563.719 
    2269	1546.937 
    2270	1532.000 
    2271	1525.437 
    2272	1519.562 
    2273	1526.031 
    2274	1532.281 
    2275	1537.781 
    2276	1527.000 
    2277	1522.844 
    2278	1522.437 
    2279	1530.406 
    2280	1581.687 
    2281	1544.906 
    2282	1517.812 
    2283	1504.844 
    2284	1499.812 
    2285	1497.250 
    2286	1500.375 
    2287	1497.437 
    2288	1478.375 
    2289	1452.625 
    2290	1428.000 
    2291	1405.406 
    2292	1384.406 
    2293	1377.250 
    2294	1374.844 
    2295	1369.531 
    2296	1361.937 
    2297	1348.156 
    2298	1342.469 
    2299	1336.156 
    2300	1377.156 
    2301	1337.125 
    2302	1299.562 
    2303	1281.562 
    2304	1269.812 
    2305	1256.969 
    2306	1256.344 
    2307	1249.594 
    2308	1230.219 
    2309	1202.687 
    2310	1179.250 
    2311	1163.875 
    2312	1151.594 
    2313	1139.844 
    2314	1129.500 
    2315	1117.531 
    2316	1109.094 
    2317	1099.719 
    2318	1095.719 
    2319	1088.312 
    2320	1115.406 
    2321	1089.656 
    2322	1067.156 
    2323	1051.969 
    2324	1045.812 
    2325	1034.781 
    2326	1035.844 
    2327	1034.031 
    2328	1026.594 
    2329	1012.375 
    2330	998.500  
    2331	981.375  
    2332	968.062  
    2333	960.594  
    2334	957.719  
    2335	955.406  
    2336	950.687  
    2337	942.844  
    2338	944.781  
    2339	938.250  
    2340	965.969  
    2341	953.844  
    2342	942.156  
    2343	932.469  
    2344	931.781  
    2345	934.594  
    2346	941.437  
    2347	948.312  
    2348	948.594  
    2349	945.031  
    2350	940.719  
    2351	935.906  
    2352	933.031  
    2353	930.687  
    2354	931.969  
    2355	935.125  
    2356	934.281  
    2357	934.781  
    2358	944.406  
    2359	945.719  
    2360	975.937  
    2361	969.562  
    2362	960.375  
    2363	958.125  
    2364	964.562  
    2365	969.687  
    2366	981.531  
    2367	992.562  
    2368	996.844  
    2369	995.750  
    2370	988.969  
    2371	983.875  
    2372	980.219  
    2373	980.156  
    2374	982.406  
    2375	984.937  
    2376	986.969  
    2377	989.781  
    2378	999.375  
    2379	1000.875 
    2380	1034.187 
    2381	1027.281 
    2382	1016.000 
    2383	1007.000 
    2384	1008.969 
    2385	1010.406 
    2386	1022.000 
    2387	1032.375 
    2388	1033.125 
    2389	1025.219 
    2390	1016.750 
    2391	1005.656 
    2392	999.375  
    2393	994.687  
    2394	991.406  
    2395	989.562  
    2396	988.875  
    2397	984.625  
    2398	989.625  
    2399	986.375  
    2400	1014.812 
    2401	1001.437 
    2402	984.906  
    2403	974.094  
    2404	969.094  
    2405	964.656  
    2406	967.062  
    2407	971.656  
    2408	969.719  
    2409	958.594  
    2410	945.375  
    2411	933.969  
    2412	924.875  
    2413	918.375  
    2414	913.281  
    2415	910.062  
    2416	906.719  
    2417	902.250  
    2418	907.281  
    2419	899.281  
    2420	919.906  
    2421	906.156  
    2422	894.344  
    2423	884.656  
    2424	885.000  
    2425	884.312  
    2426	889.437  
    2427	892.969  
    2428	889.562  
    2429	881.344  
    2430	870.687  
    2431	862.156  
    2432	855.625  
    2433	850.781  
    2434	848.625  
    2435	847.562  
    2436	846.250  
    2437	844.531  
    2438	849.687  
    2439	847.594  
    2440	868.750  
    2441	860.969  
    2442	851.500  
    2443	845.094  
    2444	848.000  
    2445	852.656  
    2446	860.594  
    2447	863.531  
    2448	863.406  
    2449	861.125  
    2450	854.781  
    2451	849.219  
    2452	846.906  
    2453	846.531  
    2454	849.625  
    2455	851.250  
    2456	854.375  
    2457	856.812  
    2458	866.312  
    2459	866.937  
    2460	892.437  
    2461	888.969  
    2462	884.562  
    2463	880.562  
    2464	886.156  
    2465	891.719  
    2466	905.219  
    2467	915.187  
    2468	916.594  
    2469	913.937  
    2470	910.187  
    2471	908.344  
    2472	908.562  
    2473	909.625  
    2474	913.281  
    2475	916.469  
    2476	918.531  
    2477	920.812  
    2478	932.594  
    2479	934.594  
    2480	967.437  
    2481	961.562  
    2482	952.781  
    2483	950.125  
    2484	952.812  
    2485	955.719  
    2486	969.312  
    2487	983.281  
    2488	988.750  
    2489	983.281  
    2490	977.531  
    2491	973.312  
    2492	973.031  
    2493	973.062  
    2494	974.000  
    2495	976.656  
    2496	979.125  
    2497	976.750  
    2498	982.250  
    2499	979.344  
    2500	1009.250 
    2501	1001.562 
    2502	990.594  
    2503	984.156  
    2504	984.375  
    2505	983.781  
    2506	988.219  
    2507	994.719  
    2508	991.719  
    2509	984.344  
    2510	972.406  
    2511	963.687  
    2512	956.469  
    2513	950.937  
    2514	947.187  
    2515	945.250  
    2516	943.000  
    2517	939.875  
    2518	942.469  
    2519	936.062  
    2520	957.937  
    2521	940.125  
    2522	925.844  
    2523	915.656  
    2524	915.344  
    2525	914.687  
    2526	917.687  
    2527	920.906  
    2528	916.187  
    2529	905.656  
    2530	894.687  
    2531	885.187  
    2532	877.312  
    2533	871.031  
    2534	865.969  
    2535	863.594  
    2536	861.406  
    2537	859.062  
    2538	862.531  
    2539	857.125  
    2540	876.344  
    2541	866.469  
    2542	856.156  
    2543	846.187  
    2544	847.094  
    2545	844.875  
    2546	850.781  
    2547	852.312  
    2548	850.250  
    2549	844.594  
    2550	835.969  
    2551	829.406  
    2552	824.000  
    2553	820.844  
    2554	819.844  
    2555	820.250  
    2556	819.812  
    2557	818.312  
    2558	825.031  
    2559	820.375  
    2560	841.062  
    2561	835.562  
    2562	829.625  
    2563	824.844  
    2564	828.344  
    2565	832.437  
    2566	838.000  
    2567	843.562  
    2568	843.469  
    2569	841.187  
    2570	836.781  
    2571	835.719  
    2572	834.531  
    2573	835.406  
    2574	838.156  
    2575	841.469  
    2576	846.000  
    2577	847.281  
    2578	858.562  
    2579	861.187  
    2580	888.031  
    2581	884.219  
    2582	879.531  
    2583	878.000  
    2584	884.406  
    2585	890.312  
    2586	901.000  
    2587	911.937  
    2588	916.187  
    2589	914.625  
    2590	912.500  
    2591	911.969  
    2592	914.125  
    2593	916.156  
    2594	920.969  
    2595	923.781  
    2596	928.062  
    2597	928.750  
    2598	937.844  
    2599	937.156  
    2600	967.187  
    2601	956.594  
    2602	949.844  
    2603	946.062  
    2604	950.125  
    2605	954.094  
    2606	964.437  
    2607	974.687  
    2608	978.187  
    2609	973.375  
    2610	965.719  
    2611	961.437  
    2612	955.844  
    2613	956.312  
    2614	957.594  
    2615	959.031  
    2616	960.125  
    2617	958.812  
    2618	966.156  
    2619	963.531  
    2620	992.656  
    2621	978.344  
    2622	966.594  
    2623	956.437  
    2624	956.844  
    2625	958.562  
    2626	965.375  
    2627	968.781  
    2628	965.437  
    2629	955.875  
    2630	946.687  
    2631	936.969  
    2632	929.719  
    2633	925.125  
    2634	923.312  
    2635	921.844  
    2636	917.812  
    2637	912.344  
    2638	914.656  
    2639	909.344  
    2640	930.187  
    2641	919.062  
    2642	909.094  
    2643	898.094  
    2644	894.844  
    2645	892.781  
    2646	895.156  
    2647	896.719  
    2648	892.656  
    2649	885.406  
    2650	875.281  
    2651	865.062  
    2652	858.281  
    2653	853.500  
    2654	849.625  
    2655	845.500  
    2656	842.469  
    2657	839.062  
    2658	842.031  
    2659	834.250  
    2660	850.312  
    2661	840.000  
    2662	830.937  
    2663	821.562  
    2664	823.312  
    2665	824.125  
    2666	829.062  
    2667	830.812  
    2668	827.969  
    2669	822.312  
    2670	814.875  
    2671	807.875  
    2672	802.875  
    2673	800.031  
    2674	797.875  
    2675	797.187  
    2676	797.469  
    2677	795.875  
    2678	800.906  
    2679	797.281  
    2680	815.281  
    2681	806.906  
    2682	800.625  
    2683	794.406  
    2684	796.531  
    2685	798.031  
    2686	803.344  
    2687	806.687  
    2688	808.000  
    2689	804.531  
    2690	800.219  
    2691	797.594  
    2692	796.219  
    2693	795.437  
    2694	795.750  
    2695	796.375  
    2696	798.656  
    2697	799.875  
    2698	808.125  
    2699	806.125  
    2700	827.312  
    2701	821.312  
    2702	816.031  
    2703	811.844  
    2704	816.844  
    2705	821.562  
    2706	828.875  
    2707	833.156  
    2708	835.094  
    2709	830.719  
    2710	827.000  
    2711	823.812  
    2712	820.812  
    2713	822.500  
    2714	823.812  
    2715	824.562  
    2716	826.719  
    2717	828.031  
    2718	833.719  
    2719	832.469  
    2720	854.937  
    2721	849.719  
    2722	843.031  
    2723	838.625  
    2724	844.844  
    2725	848.375  
    2726	854.437  
    2727	859.969  
    2728	861.312  
    2729	858.250  
    2730	853.500  
    2731	848.469  
    2732	843.531  
    2733	841.344  
    2734	840.875  
    2735	840.062  
    2736	838.344  
    2737	836.406  
    2738	842.375  
    2739	840.094  
    2740	861.031  
    2741	853.531  
    2742	846.094  
    2743	840.406  
    2744	843.000  
    2745	845.844  
    2746	852.531  
    2747	854.500  
    2748	853.406  
    2749	849.000  
    2750	842.062  
    2751	836.187  
    2752	831.250  
    2753	826.562  
    2754	824.031  
    2755	821.250  
    2756	819.219  
    2757	816.500  
    2758	821.156  
    2759	817.344  
    2760	836.562  
    2761	828.437  
    2762	820.125  
    2763	812.594  
    2764	814.437  
    2765	814.531  
    2766	818.469  
    2767	821.344  
    2768	819.125  
    2769	814.469  
    2770	806.437  
    2771	801.156  
    2772	797.500  
    2773	795.094  
    2774	794.187  
    2775	792.687  
    2776	791.531  
    2777	789.750  
    2778	795.625  
    2779	791.750  
    2780	810.719  
    2781	804.000  
    2782	797.156  
    2783	789.375  
    2784	792.937  
    2785	794.312  
    2786	799.687  
    2787	802.031  
    2788	802.531  
    2789	798.469  
    2790	795.312  
    2791	790.125  
    2792	787.750  
    2793	786.687  
    2794	786.500  
    2795	786.812  
    2796	787.219  
    2797	787.844  
    2798	794.656  
    2799	792.719  
    2800	812.437  
    2801	807.719  
    2802	802.469  
    2803	798.937  
    2804	804.719  
    2805	807.469  
    2806	815.156  
    2807	819.219  
    2808	821.375  
    2809	817.750  
    2810	815.719  
    2811	811.719  
    2812	810.562  
    2813	810.625  
    2814	812.094  
    2815	814.219  
    2816	814.812  
    2817	814.625  
    2818	820.719  
    2819	818.062  
    2820	840.437  
    2821	834.562  
    2822	830.062  
    2823	826.250  
    2824	829.844  
    2825	833.750  
    2826	842.125  
    2827	849.250  
    2828	849.906  
    2829	846.531  
    2830	843.219  
    2831	837.875  
    2832	835.375  
    2833	835.125  
    2834	834.500  
    2835	835.406  
    2836	836.562  
    2837	838.062  
    2838	845.062  
    2839	842.437  
    2840	863.812  
    2841	857.812  
    2842	850.594  
    2843	844.000  
    2844	847.125  
    2845	848.875  
    2846	856.469  
    2847	860.312  
    2848	858.906  
    2849	853.687  
    2850	847.031  
    2851	839.812  
    2852	834.969  
    2853	834.062  
    2854	831.344  
    2855	831.437  
    2856	830.312  
    2857	828.156  
    2858	833.062  
    2859	829.687  
    2860	849.531  
    2861	841.219  
    2862	832.906  
    2863	826.531  
    2864	828.281  
    2865	826.437  
    2866	831.000  
    2867	832.719  
    2868	830.594  
    2869	823.594  
    2870	815.719  
    2871	809.937  
    2872	805.719  
    2873	803.156  
    2874	800.844  
    2875	799.062  
    2876	796.844  
    2877	794.656  
    2878	800.250  
    2879	794.812  
    2880	810.312  
    2881	803.094  
    2882	795.812  
    2883	788.844  
    2884	789.062  
    2885	789.156  
    2886	792.906  
    2887	794.844  
    2888	794.031  
    2889	789.250  
    2890	784.656  
    2891	780.094  
    2892	775.437  
    2893	774.031  
    2894	772.875  
    2895	772.469  
    2896	772.906  
    2897	771.781  
    2898	777.625  
    2899	774.312  
    2900	790.437  
    2901	784.125  
    2902	778.594  
    2903	772.031  
    2904	774.250  
    2905	777.812  
    2906	783.812  
    2907	787.719  
    2908	786.969  
    2909	783.406  
    2910	780.344  
    2911	776.781  
    2912	774.469  
    2913	772.937  
    2914	772.719  
    2915	773.062  
    2916	774.937  
    2917	774.156  
    2918	780.844  
    2919	776.781  
    2920	794.531  
    2921	790.031  
    2922	785.312  
    2923	779.500  
    2924	784.531  
    2925	787.125  
    2926	793.750  
    2927	799.844  
    2928	801.156  
    2929	797.687  
    2930	793.687  
    2931	790.719  
    2932	788.594  
    2933	788.562  
    2934	789.687  
    2935	791.125  
    2936	792.062  
    2937	790.969  
    2938	798.656  
    2939	796.281  
    2940	816.625  
    2941	812.156  
    2942	805.937  
    2943	800.281  
    2944	804.812  
    2945	806.969  
    2946	813.875  
    2947	818.500  
    2948	819.281  
    2949	816.500  
    2950	813.125  
    2951	808.969  
    2952	805.312  
    2953	802.812  
    2954	801.719  
    2955	802.844  
    2956	802.844  
    2957	801.969  
    2958	807.750  
    2959	802.687  
    2960	822.781  
    2961	818.406  
    2962	813.062  
    2963	807.937  
    2964	811.500  
    2965	813.750  
    2966	819.687  
    2967	823.937  
    2968	824.156  
    2969	818.750  
    2970	811.687  
    2971	805.656  
    2972	802.156  
    2973	800.344  
    2974	798.125  
    2975	797.531  
    2976	796.406  
    2977	794.500  
    2978	799.594  
    2979	793.344  
    2980	810.250  
    2981	802.781  
    2982	796.125  
    2983	790.000  
    2984	792.250  
    2985	794.187  
    2986	800.031  
    2987	802.094  
    2988	801.000  
    2989	797.031  
    2990	791.812  
    2991	786.031  
    2992	781.406  
    2993	778.375  
    2994	776.687  
    2995	776.594  
    2996	774.875  
    2997	773.500  
    2998	778.250  
    2999	773.719  
    3000	787.750  
    3001	782.625  
    3002	776.531  
    3003	769.812  
    3004	771.719  
    3005	772.812  
    3006	777.937  
    3007	781.062  
    3008	779.844  
    3009	776.594  
    3010	771.562  
    3011	768.469  
    3012	763.469  
    3013	763.031  
    3014	763.844  
    3015	762.094  
    3016	760.687  
    3017	759.750  
    3018	767.250  
    3019	763.875  
    3020	781.250  
    3021	776.000  
    3022	770.219  
    3023	765.844  
    3024	769.969  
    3025	772.125  
    3026	778.281  
    3027	781.437  
    3028	781.312  
    3029	777.500  
    3030	773.750  
    3031	770.062  
    3032	766.062  
    3033	765.219  
    3034	765.406  
    3035	764.656  
    3036	765.719  
    3037	766.531  
    3038	773.531  
    3039	770.000  
    3040	787.812  
    3041	783.406  
    3042	777.906  
    3043	772.562  
    3044	776.250  
    3045	780.437  
    3046	787.875  
    3047	793.812  
    3048	793.750  
    3049	790.594  
    3050	785.937  
    3051	782.812  
    3052	779.656  
    3053	778.281  
    3054	778.906  
    3055	780.250  
    3056	781.375  
    3057	783.031  
    3058	791.281  
    3059	787.406  
    3060	805.656  
    3061	800.125  
    3062	794.031  
    3063	788.344  
    3064	790.437  
    3065	793.062  
    3066	797.656  
    3067	802.625  
    3068	803.031  
    3069	800.687  
    3070	796.562  
    3071	792.562  
    3072	788.750  
    3073	787.062  
    3074	786.719  
    3075	786.531  
    3076	785.250  
    3077	782.906  
    3078	788.500  
    3079	784.906  
    3080	803.187  
    3081	796.125  
    3082	788.969  
    3083	783.500  
    3084	785.719  
    3085	787.500  
    3086	792.125  
    3087	794.750  
    3088	794.094  
    3089	788.937  
    3090	784.437  
    3091	779.719  
    3092	776.719  
    3093	773.312  
    3094	772.719  
    3095	770.437  
    3096	769.219  
    3097	768.250  
    3098	774.437  
    3099	769.656  
    3100	786.562  
    3101	781.344  
    3102	774.625  
    3103	767.812  
    3104	769.687  
    3105	771.625  
    3106	776.500  
    3107	780.094  
    3108	779.281  
    3109	774.219  
    3110	767.937  
    3111	762.500  
    3112	759.156  
    3113	756.250  
    3114	754.500  
    3115	753.344  
    3116	752.562  
    3117	751.062  
    3118	757.000  
    3119	752.000  
    3120	769.406  
    3121	764.594  
    3122	759.344  
    3123	752.875  
    3124	755.687  
    3125	758.875  
    3126	764.406  
    3127	767.687  
    3128	768.875  
    3129	765.125  
    3130	761.375  
    3131	758.219  
    3132	756.281  
    3133	754.750  
    3134	754.594  
    3135	755.969  
    3136	756.156  
    3137	756.125  
    3138	762.687  
    3139	757.375  
    3140	773.625  
    3141	769.031  
    3142	763.562  
    3143	757.844  
    3144	760.875  
    3145	763.000  
    3146	768.312  
    3147	771.969  
    3148	772.531  
    3149	770.406  
    3150	767.375  
    3151	763.469  
    3152	761.000  
    3153	760.469  
    3154	761.344  
    3155	762.406  
    3156	764.844  
    3157	764.344  
    3158	771.750  
    3159	770.094  
    3160	788.812  
    3161	784.375  
    3162	779.469  
    3163	775.156  
    3164	777.812  
    3165	780.812  
    3166	787.875  
    3167	791.719  
    3168	791.906  
    3169	789.562  
    3170	786.281  
    3171	782.437  
    3172	779.469  
    3173	777.719  
    3174	777.062  
    3175	776.875  
    3176	776.937  
    3177	776.406  
    3178	782.312  
    3179	777.187  
    3180	794.844  
    3181	791.125  
    3182	785.156  
    3183	779.719  
    3184	783.312  
    3185	784.969  
    3186	791.000  
    3187	794.312  
    3188	794.187  
    3189	790.562  
    3190	784.812  
    3191	779.094  
    3192	775.812  
    3193	772.969  
    3194	771.844  
    3195	772.594  
    3196	773.000  
    3197	772.375  
    3198	777.937  
    3199	772.531  
    3200	788.562  
    3201	780.750  
    3202	774.125  
    3203	768.375  
    3204	770.375  
    3205	772.719  
    3206	778.812  
    3207	782.594  
    3208	782.062  
    3209	777.969  
    3210	772.875  
    3211	768.625  
    3212	764.375  
    3213	762.875  
    3214	761.344  
    3215	760.219  
    3216	760.156  
    3217	758.875  
    3218	764.312  
    3219	759.969  
    3220	774.656  
    3221	768.937  
    3222	762.375  
    3223	755.844  
    3224	759.375  
    3225	761.687  
    3226	764.937  
    3227	767.812  
    3228	766.656  
    3229	763.219  
    3230	757.437  
    3231	752.969  
    3232	749.719  
    3233	748.375  
    3234	747.531  
    3235	746.781  
    3236	746.937  
    3237	747.500  
    3238	752.250  
    3239	747.156  
    3240	762.031  
    3241	756.906  
    3242	751.125  
    3243	746.156  
    3244	750.062  
    3245	753.594  
    3246	760.250  
    3247	764.406  
    3248	763.219  
    3249	759.375  
    3250	755.000  
    3251	751.469  
    3252	748.437  
    3253	747.469  
    3254	746.594  
    3255	746.906  
    3256	747.750  
    3257	747.250  
    3258	754.125  
    3259	750.219  
    3260	765.750  
    3261	761.469  
    3262	757.469  
    3263	752.812  
    3264	757.531  
    3265	761.500  
    3266	767.187  
    3267	771.250  
    3268	771.469  
    3269	768.531  
    3270	763.781  
    3271	759.687  
    3272	757.750  
    3273	756.719  
    3274	757.156  
    3275	757.844  
    3276	758.156  
    3277	757.000  
    3278	764.500  
    3279	761.312  
    3280	778.875  
    3281	774.437  
    3282	770.094  
    3283	765.125  
    3284	769.062  
    3285	772.625  
    3286	778.250  
    3287	783.719  
    3288	785.000  
    3289	781.437  
    3290	776.719  
    3291	770.844  
    3292	768.187  
    3293	765.750  
    3294	766.594  
    3295	766.687  
    3296	767.406  
    3297	766.906  
    3298	773.906  
    3299	769.031  
    3300	785.187  
    3301	779.875  
    3302	774.969  
    3303	770.531  
    3304	773.406  
    3305	774.875  
    3306	780.094  
    3307	782.875  
    3308	781.031  
    3309	777.594  
    3310	771.875  
    3311	767.937  
    3312	765.375  
    3313	763.031  
    3314	762.250  
    3315	763.344  
    3316	762.906  
    3317	761.031  
    3318	766.312  
    3319	760.812  
    3320	775.719  
    3321	770.875  
    3322	765.187  
    3323	760.000  
    3324	763.531  
    3325	766.750  
    3326	771.875  
    3327	774.656  
    3328	774.437  
    3329	770.656  
    3330	765.437  
    3331	760.469  
    3332	757.250  
    3333	754.562  
    3334	754.562  
    3335	754.375  
    3336	753.281  
    3337	751.719  
    3338	759.062  
    3339	754.937  
    3340	770.500  
    3341	764.312  
    3342	758.937  
    3343	753.406  
    3344	756.625  
    3345	759.187  
    3346	765.812  
    3347	770.906  
    3348	770.594  
    3349	766.156  
    3350	761.000  
    3351	755.625  
    3352	752.594  
    3353	750.344  
    3354	750.656  
    3355	750.750  
    3356	750.344  
    3357	749.719  
    3358	756.781  
    3359	753.937  
    3360	770.031  
    3361	765.281  
    3362	759.219  
    3363	754.469  
    3364	757.281  
    3365	760.531  
    3366	765.781  
    3367	771.219  
    3368	771.312  
    3369	767.719  
    3370	763.031  
    3371	757.969  
    3372	755.906  
    3373	755.937  
    3374	756.562  
    3375	756.812  
    3376	757.562  
    3377	756.937  
    3378	763.781  
    3379	761.312  
    3380	778.875  
    3381	774.937  
    3382	770.000  
    3383	764.125  
    3384	767.906  
    3385	768.344  
    3386	774.062  
    3387	779.219  
    3388	780.156  
    3389	777.219  
    3390	772.875  
    3391	769.500  
    3392	767.719  
    3393	766.500  
    3394	766.187  
    3395	765.625  
    3396	765.656  
    3397	765.250  
    3398	772.594  
    3399	767.469  
    3400	784.594  
    3401	779.344  
    3402	773.812  
    3403	768.750  
    3404	771.406  
    3405	774.344  
    3406	778.937  
    3407	782.875  
    3408	781.250  
    3409	777.875  
    3410	773.625  
    3411	769.937  
    3412	767.344  
    3413	765.625  
    3414	764.125  
    3415	764.062  
    3416	763.500  
    3417	761.812  
    3418	769.125  
    3419	764.906  
    3420	781.844  
    3421	775.281  
    3422	768.687  
    3423	761.687  
    3424	763.344  
    3425	766.500  
    3426	771.375  
    3427	774.719  
    3428	773.687  
    3429	769.125  
    3430	764.344  
    3431	760.406  
    3432	757.250  
    3433	754.656  
    3434	753.687  
    3435	753.656  
    3436	753.719  
    3437	753.531  
    3438	759.625  
    3439	754.094  
    3440	770.344  
    3441	765.219  
    3442	760.562  
    3443	754.781  
    3444	757.000  
    3445	758.500  
    3446	764.062  
    3447	766.219  
    3448	766.312  
    3449	761.219  
    3450	756.406  
    3451	751.344  
    3452	748.031  
    3453	745.312  
    3454	744.875  
    3455	743.562  
    3456	741.687  
    3457	740.250  
    3458	746.406  
    3459	741.844  
    3460	756.875  
    3461	751.969  
    3462	746.281  
    3463	740.812  
    3464	743.500  
    3465	745.500  
    3466	751.219  
    3467	753.906  
    3468	754.469  
    3469	752.562  
    3470	748.219  
    3471	744.812  
    3472	740.531  
    3473	739.375  
    3474	737.531  
    3475	737.062  
    3476	738.281  
    3477	738.656  
    3478	744.937  
    3479	741.437  
    3480	756.844  
    3481	753.844  
    3482	749.781  
    3483	745.562  
    3484	750.094  
    3485	754.687  
    3486	760.250  
    3487	763.469  
    3488	763.281  
    3489	761.219  
    3490	757.375  
    3491	754.125  
    3492	751.406  
    3493	749.750  
    3494	749.469  
    3495	749.562  
    3496	750.094  
    3497	750.219  
    3498	756.844  
    3499	753.187  
    3500	769.187  
    3501	764.000  
    3502	759.562  
    3503	753.906  
    3504	756.781  
    3505	760.187  
    3506	765.594  
    3507	769.656  
    3508	770.781  
    3509	768.562  
    3510	764.656  
    3511	760.406  
    3512	757.344  
    3513	755.750  
    3514	756.687  
    3515	756.844  
    3516	756.125  
    3517	756.031  
    3518	761.281  
    3519	755.812  
    3520	770.875  
    3521	765.625  
    3522	760.250  
    3523	754.844  
    3524	759.219  
    3525	761.187  
    3526	765.719  
    3527	770.156  
    3528	769.812  
    3529	766.250  
    3530	762.625  
    3531	757.625  
    3532	753.562  
    3533	751.812  
    3534	750.781  
    3535	750.156  
    3536	749.312  
    3537	748.687  
    3538	755.625  
    3539	751.406  
    3540	767.250  
    3541	763.875  
    3542	758.125  
    3543	751.469  
    3544	753.594  
    3545	754.344  
    3546	759.906  
    3547	764.062  
    3548	763.625  
    3549	761.719  
    3550	757.031  
    3551	751.312  
    3552	747.594  
    3553	745.500  
    3554	744.687  
    3555	744.750  
    3556	743.750  
    3557	742.344  
    3558	748.687  
    3559	744.625  
    3560	758.000  
    3561	753.781  
    3562	748.469  
    3563	742.031  
    3564	744.812  
    3565	745.656  
    3566	750.875  
    3567	754.406  
    3568	754.344  
    3569	751.094  
    3570	746.969  
    3571	741.906  
    3572	738.875  
    3573	737.437  
    3574	736.344  
    3575	735.781  
    3576	736.531  
    3577	735.156  
    3578	740.625  
    3579	736.000  
    3580	750.625  
    3581	745.969  
    3582	741.156  
    3583	735.156  
    3584	738.969  
    3585	742.187  
    3586	748.250  
    3587	751.125  
    3588	750.750  
    3589	748.000  
    3590	743.500  
    3591	740.594  
    3592	738.125  
    3593	736.312  
    3594	736.187  
    3595	736.062  
    3596	734.969  
    3597	734.250  
    3598	739.687  
    3599	735.844  
    3600	751.250  
    3601	747.500  
    3602	743.187  
    3603	737.250  
    3604	741.062  
    3605	744.125  
    3606	749.125  
    3607	752.875  
    3608	753.094  
    3609	751.000  
    3610	747.406  
    3611	744.500  
    3612	743.219  
    3613	742.187  
    3614	741.562  
    3615	741.500  
    3616	741.625  
    3617	741.500  
    3618	748.031  
    3619	744.219  
    3620	760.250  
    3621	756.125  
    3622	751.219  
    3623	746.125  
    3624	750.469  
    3625	753.125  
    3626	757.875  
    3627	762.625  
    3628	761.281  
    3629	757.219  
    3630	753.125  
    3631	748.719  
    3632	746.094  
    3633	745.062  
    3634	744.312  
    3635	743.812  
    3636	743.531  
    3637	741.562  
    3638	748.750  
    3639	744.625  
    3640	759.062  
    3641	754.531  
    3642	749.625  
    3643	744.187  
    3644	747.687  
    3645	750.750  
    3646	756.125  
    3647	759.531  
#  ***END
