#  JIO#
#  Name of dataset:	
#  Generating program:	Fresn-Main-AD2-v1.vi
#  Saved on file:	17-6-2025	13:54
#  Total number of sections:	1
#  ***SECTION	Dataset
#  *FREE
#  Model: CCD-S3600-D(-UV)
#  Hardware Revision: A1.00
#  Firmware Revision: A1.10
#  Serial Number:   015035288C33EBB5
#  type apertuur:
#  *PARA
#  n			aantal spleten 
#  a		mm	afstand tussen spleten 
#  b		mm	breedte spleten
#  l		m	Golflengte 
#  d	0	m	afstand puntbron tot apertuur
#  lB		m	afstand bronlens tot apertuur
#  fB		m	brandpuntsafstand bronlens
#  s	0	m	afstand apertuur tot scherm 
#  lS	 	m	afstand  apertuur tot schermlens 
#  fS		m	brandpuntsafstand schermlens 
#  p	8	um	Sensor Pixel Pitch
#  U	2.30	V	Voltage_Laserdiode
#  T	20	us	Integration Time
#  n	32		Scans per Acquisition
#  HwC	Off		Hardware Dark Correction
#  *DATA	3648	rows	2	columns
#  Index   	Averages
       0	479.281  
       1	491.469  
       2	504.781  
       3	516.250  
       4	535.000  
       5	552.469  
       6	572.875  
       7	589.062  
       8	599.625  
       9	606.281  
      10	610.906  
      11	615.375  
      12	619.594  
      13	623.562  
      14	628.719  
      15	633.500  
      16	638.375  
      17	641.187  
      18	651.687  
      19	649.937  
      20	663.625  
      21	663.562  
      22	662.469  
      23	659.469  
      24	666.219  
      25	672.219  
      26	678.312  
      27	682.812  
      28	686.594  
      29	687.250  
      30	686.219  
      31	683.781  
      32	683.000  
      33	683.375  
      34	684.469  
      35	686.000  
      36	686.656  
      37	687.000  
      38	693.625  
      39	690.031  
      40	703.250  
      41	700.781  
      42	697.844  
      43	692.656  
      44	696.125  
      45	700.344  
      46	706.687  
      47	709.406  
      48	709.844  
      49	707.969  
      50	704.344  
      51	701.187  
      52	698.812  
      53	696.969  
      54	696.312  
      55	696.031  
      56	695.187  
      57	694.469  
      58	701.031  
      59	696.312  
      60	708.969  
      61	705.531  
      62	701.656  
      63	695.781  
      64	697.812  
      65	700.312  
      66	705.469  
      67	706.875  
      68	705.531  
      69	702.250  
      70	698.594  
      71	695.594  
      72	692.812  
      73	690.812  
      74	689.156  
      75	688.656  
      76	688.156  
      77	687.187  
      78	693.094  
      79	689.125  
      80	700.312  
      81	696.281  
      82	691.781  
      83	685.469  
      84	687.906  
      85	689.844  
      86	693.281  
      87	695.906  
      88	695.500  
      89	692.906  
      90	689.375  
      91	685.281  
      92	681.750  
      93	680.094  
      94	680.375  
      95	679.781  
      96	679.687  
      97	679.250  
      98	686.156  
      99	681.406  
     100	692.656  
     101	688.969  
     102	685.187  
     103	679.406  
     104	681.969  
     105	684.344  
     106	689.562  
     107	692.156  
     108	692.250  
     109	689.219  
     110	685.562  
     111	682.281  
     112	679.812  
     113	679.000  
     114	679.125  
     115	679.094  
     116	677.969  
     117	677.094  
     118	684.094  
     119	679.875  
     120	691.656  
     121	688.562  
     122	684.531  
     123	679.437  
     124	683.531  
     125	685.625  
     126	691.219  
     127	694.562  
     128	695.156  
     129	693.594  
     130	690.844  
     131	687.875  
     132	686.687  
     133	685.406  
     134	685.000  
     135	684.750  
     136	684.625  
     137	684.031  
     138	691.687  
     139	686.812  
     140	700.000  
     141	697.656  
     142	693.937  
     143	689.187  
     144	693.719  
     145	696.562  
     146	702.469  
     147	706.187  
     148	706.250  
     149	704.437  
     150	700.594  
     151	696.812  
     152	694.250  
     153	693.219  
     154	692.531  
     155	693.781  
     156	694.969  
     157	694.625  
     158	702.062  
     159	697.344  
     160	709.687  
     161	706.875  
     162	703.125  
     163	697.906  
     164	701.781  
     165	705.656  
     166	711.562  
     167	714.750  
     168	715.469  
     169	714.187  
     170	712.156  
     171	709.656  
     172	707.719  
     173	706.906  
     174	706.500  
     175	706.812  
     176	707.375  
     177	706.719  
     178	713.000  
     179	709.906  
     180	723.906  
     181	720.406  
     182	715.969  
     183	710.344  
     184	714.000  
     185	716.000  
     186	721.312  
     187	723.312  
     188	723.000  
     189	720.812  
     190	717.062  
     191	713.594  
     192	710.750  
     193	708.625  
     194	707.594  
     195	708.219  
     196	709.094  
     197	707.375  
     198	713.562  
     199	708.969  
     200	721.719  
     201	717.562  
     202	712.906  
     203	706.500  
     204	709.969  
     205	712.406  
     206	717.312  
     207	720.125  
     208	719.937  
     209	716.625  
     210	713.344  
     211	708.625  
     212	705.969  
     213	703.656  
     214	702.406  
     215	701.437  
     216	701.781  
     217	700.500  
     218	705.750  
     219	701.375  
     220	714.219  
     221	709.781  
     222	705.562  
     223	699.031  
     224	702.687  
     225	704.375  
     226	708.781  
     227	711.750  
     228	710.531  
     229	706.875  
     230	702.969  
     231	698.656  
     232	695.219  
     233	694.031  
     234	693.312  
     235	692.031  
     236	691.625  
     237	689.312  
     238	694.906  
     239	690.062  
     240	702.125  
     241	697.844  
     242	692.844  
     243	686.375  
     244	687.656  
     245	689.375  
     246	693.781  
     247	696.781  
     248	696.812  
     249	694.062  
     250	689.969  
     251	686.500  
     252	684.656  
     253	683.031  
     254	682.469  
     255	682.906  
     256	682.250  
     257	681.969  
     258	689.125  
     259	685.031  
     260	696.656  
     261	693.625  
     262	689.656  
     263	684.125  
     264	687.906  
     265	690.969  
     266	696.375  
     267	698.312  
     268	698.625  
     269	696.500  
     270	693.031  
     271	689.156  
     272	687.062  
     273	686.875  
     274	687.281  
     275	687.375  
     276	687.500  
     277	687.875  
     278	695.062  
     279	690.469  
     280	702.969  
     281	700.437  
     282	696.469  
     283	690.812  
     284	695.094  
     285	697.562  
     286	701.625  
     287	705.250  
     288	705.406  
     289	702.375  
     290	700.031  
     291	697.031  
     292	696.562  
     293	696.594  
     294	696.812  
     295	697.719  
     296	699.156  
     297	699.531  
     298	707.062  
     299	703.531  
     300	716.312  
     301	713.719  
     302	710.437  
     303	704.875  
     304	709.219  
     305	712.656  
     306	718.375  
     307	723.562  
     308	725.312  
     309	723.312  
     310	720.500  
     311	717.562  
     312	715.531  
     313	714.344  
     314	715.031  
     315	716.156  
     316	716.062  
     317	716.187  
     318	722.562  
     319	719.625  
     320	734.031  
     321	730.844  
     322	725.594  
     323	719.844  
     324	723.562  
     325	727.062  
     326	732.250  
     327	734.531  
     328	734.281  
     329	731.687  
     330	728.125  
     331	724.656  
     332	722.000  
     333	720.469  
     334	719.375  
     335	718.969  
     336	718.500  
     337	717.437  
     338	723.125  
     339	720.219  
     340	734.187  
     341	731.437  
     342	727.125  
     343	721.375  
     344	724.469  
     345	726.844  
     346	731.969  
     347	735.094  
     348	735.125  
     349	731.812  
     350	727.719  
     351	724.625  
     352	722.531  
     353	720.406  
     354	719.406  
     355	718.875  
     356	718.062  
     357	716.719  
     358	722.812  
     359	718.594  
     360	731.344  
     361	726.281  
     362	720.062  
     363	713.687  
     364	715.281  
     365	717.219  
     366	721.437  
     367	723.281  
     368	722.750  
     369	718.437  
     370	713.969  
     371	710.719  
     372	708.500  
     373	706.875  
     374	705.781  
     375	704.562  
     376	704.844  
     377	703.750  
     378	710.344  
     379	705.094  
     380	717.156  
     381	713.250  
     382	708.031  
     383	702.062  
     384	704.969  
     385	705.844  
     386	710.219  
     387	713.125  
     388	712.375  
     389	709.781  
     390	705.625  
     391	702.062  
     392	698.250  
     393	695.812  
     394	695.656  
     395	695.187  
     396	694.937  
     397	694.219  
     398	700.750  
     399	697.281  
     400	709.625  
     401	706.750  
     402	702.531  
     403	696.250  
     404	699.625  
     405	702.719  
     406	708.156  
     407	711.375  
     408	710.875  
     409	707.031  
     410	703.187  
     411	700.906  
     412	699.375  
     413	697.500  
     414	696.562  
     415	697.500  
     416	696.500  
     417	697.031  
     418	704.719  
     419	700.969  
     420	714.062  
     421	710.531  
     422	707.219  
     423	702.031  
     424	705.187  
     425	708.156  
     426	713.250  
     427	716.719  
     428	716.781  
     429	714.844  
     430	711.625  
     431	708.187  
     432	707.969  
     433	708.156  
     434	709.250  
     435	709.844  
     436	711.281  
     437	711.031  
     438	719.312  
     439	715.656  
     440	729.562  
     441	726.687  
     442	722.969  
     443	717.750  
     444	721.906  
     445	724.781  
     446	730.656  
     447	733.500  
     448	733.750  
     449	731.406  
     450	728.406  
     451	726.094  
     452	724.094  
     453	725.156  
     454	726.875  
     455	728.125  
     456	728.906  
     457	729.500  
     458	737.812  
     459	735.062  
     460	750.437  
     461	747.437  
     462	742.156  
     463	736.344  
     464	740.937  
     465	743.750  
     466	750.281  
     467	754.000  
     468	754.062  
     469	750.594  
     470	745.875  
     471	743.719  
     472	740.812  
     473	740.500  
     474	740.250  
     475	740.156  
     476	740.375  
     477	739.969  
     478	746.969  
     479	743.625  
     480	759.906  
     481	756.062  
     482	749.969  
     483	743.781  
     484	745.656  
     485	747.031  
     486	752.562  
     487	754.500  
     488	753.437  
     489	749.219  
     490	743.250  
     491	740.219  
     492	738.875  
     493	738.000  
     494	737.469  
     495	738.406  
     496	738.906  
     497	738.219  
     498	743.594  
     499	738.625  
     500	752.469  
     501	747.531  
     502	742.281  
     503	735.969  
     504	739.531  
     505	742.219  
     506	746.625  
     507	748.969  
     508	748.312  
     509	745.031  
     510	740.187  
     511	735.812  
     512	732.656  
     513	730.187  
     514	729.844  
     515	729.687  
     516	728.250  
     517	727.062  
     518	732.750  
     519	728.094  
     520	741.469  
     521	736.875  
     522	731.656  
     523	724.031  
     524	726.844  
     525	728.687  
     526	732.156  
     527	734.000  
     528	734.437  
     529	730.719  
     530	726.187  
     531	722.312  
     532	719.219  
     533	717.844  
     534	716.875  
     535	715.531  
     536	715.219  
     537	713.719  
     538	719.594  
     539	714.781  
     540	728.094  
     541	722.594  
     542	717.687  
     543	710.781  
     544	713.781  
     545	715.062  
     546	720.875  
     547	722.500  
     548	722.281  
     549	718.125  
     550	715.469  
     551	712.250  
     552	709.906  
     553	708.281  
     554	708.812  
     555	709.406  
     556	708.469  
     557	708.344  
     558	716.187  
     559	712.625  
     560	725.594  
     561	721.437  
     562	718.156  
     563	712.812  
     564	718.500  
     565	721.562  
     566	726.250  
     567	729.594  
     568	730.344  
     569	729.187  
     570	725.344  
     571	722.500  
     572	719.687  
     573	718.719  
     574	718.812  
     575	718.969  
     576	721.062  
     577	721.344  
     578	729.687  
     579	726.875  
     580	742.375  
     581	739.687  
     582	735.906  
     583	731.094  
     584	734.594  
     585	737.437  
     586	744.125  
     587	747.562  
     588	749.156  
     589	747.625  
     590	744.594  
     591	742.187  
     592	740.281  
     593	739.000  
     594	740.844  
     595	742.531  
     596	743.375  
     597	742.781  
     598	750.156  
     599	746.969  
     600	762.406  
     601	759.500  
     602	754.219  
     603	750.031  
     604	755.469  
     605	759.844  
     606	766.062  
     607	770.687  
     608	771.375  
     609	768.156  
     610	764.187  
     611	761.281  
     612	759.250  
     613	759.750  
     614	760.625  
     615	762.594  
     616	763.781  
     617	764.375  
     618	770.250  
     619	766.281  
     620	783.969  
     621	778.437  
     622	774.469  
     623	770.844  
     624	773.750  
     625	774.906  
     626	781.187  
     627	785.031  
     628	785.437  
     629	782.031  
     630	777.687  
     631	774.469  
     632	772.719  
     633	771.719  
     634	770.875  
     635	771.031  
     636	770.812  
     637	770.062  
     638	775.531  
     639	771.062  
     640	788.687  
     641	782.531  
     642	776.687  
     643	771.062  
     644	773.250  
     645	774.969  
     646	779.531  
     647	783.719  
     648	783.750  
     649	780.375  
     650	776.281  
     651	770.469  
     652	765.750  
     653	763.312  
     654	762.562  
     655	761.375  
     656	760.000  
     657	757.437  
     658	763.312  
     659	757.875  
     660	772.437  
     661	764.844  
     662	758.437  
     663	750.844  
     664	752.906  
     665	755.625  
     666	759.844  
     667	762.312  
     668	760.750  
     669	756.594  
     670	752.094  
     671	746.531  
     672	742.969  
     673	740.844  
     674	739.562  
     675	738.344  
     676	737.625  
     677	735.125  
     678	740.156  
     679	735.094  
     680	748.687  
     681	743.594  
     682	737.531  
     683	731.219  
     684	734.562  
     685	736.375  
     686	740.375  
     687	741.375  
     688	740.531  
     689	737.375  
     690	733.125  
     691	728.594  
     692	725.344  
     693	723.250  
     694	722.875  
     695	722.312  
     696	721.250  
     697	720.625  
     698	727.500  
     699	723.062  
     700	736.625  
     701	733.062  
     702	727.937  
     703	723.031  
     704	726.000  
     705	727.469  
     706	733.281  
     707	737.969  
     708	738.687  
     709	736.094  
     710	732.125  
     711	729.000  
     712	727.094  
     713	726.250  
     714	726.594  
     715	727.281  
     716	728.187  
     717	727.937  
     718	735.062  
     719	732.000  
     720	749.250  
     721	745.469  
     722	741.250  
     723	736.625  
     724	740.937  
     725	744.719  
     726	752.812  
     727	757.281  
     728	756.750  
     729	755.562  
     730	754.375  
     731	752.469  
     732	750.594  
     733	749.500  
     734	751.281  
     735	752.656  
     736	754.531  
     737	756.031  
     738	763.812  
     739	762.000  
     740	780.156  
     741	775.781  
     742	771.594  
     743	768.469  
     744	773.219  
     745	775.750  
     746	783.156  
     747	789.094  
     748	789.844  
     749	787.687  
     750	784.375  
     751	781.281  
     752	779.406  
     753	779.219  
     754	780.094  
     755	780.781  
     756	782.125  
     757	781.719  
     758	790.469  
     759	787.625  
     760	806.062  
     761	801.562  
     762	796.500  
     763	792.375  
     764	796.469  
     765	799.875  
     766	807.656  
     767	813.031  
     768	812.625  
     769	809.906  
     770	806.562  
     771	802.625  
     772	800.656  
     773	799.375  
     774	800.406  
     775	800.625  
     776	800.469  
     777	799.719  
     778	806.937  
     779	802.937  
     780	822.437  
     781	815.844  
     782	809.656  
     783	802.625  
     784	804.687  
     785	807.937  
     786	814.312  
     787	817.812  
     788	817.250  
     789	813.375  
     790	810.375  
     791	805.656  
     792	801.250  
     793	797.844  
     794	796.344  
     795	795.594  
     796	794.531  
     797	792.562  
     798	797.875  
     799	792.062  
     800	808.437  
     801	800.594  
     802	792.937  
     803	786.562  
     804	788.250  
     805	789.312  
     806	793.187  
     807	795.406  
     808	792.062  
     809	786.406  
     810	780.469  
     811	774.844  
     812	771.594  
     813	769.031  
     814	766.656  
     815	764.000  
     816	761.937  
     817	759.500  
     818	763.906  
     819	759.219  
     820	774.312  
     821	767.406  
     822	760.562  
     823	752.219  
     824	754.437  
     825	755.437  
     826	760.219  
     827	762.875  
     828	762.062  
     829	757.469  
     830	751.625  
     831	745.656  
     832	742.000  
     833	739.219  
     834	738.594  
     835	737.906  
     836	738.812  
     837	736.687  
     838	741.719  
     839	737.594  
     840	753.219  
     841	748.312  
     842	743.156  
     843	735.906  
     844	738.625  
     845	740.844  
     846	745.906  
     847	748.687  
     848	749.687  
     849	745.281  
     850	741.250  
     851	738.812  
     852	737.031  
     853	734.719  
     854	734.969  
     855	735.500  
     856	735.906  
     857	736.062  
     858	742.281  
     859	739.937  
     860	754.906  
     861	750.937  
     862	747.937  
     863	742.375  
     864	747.156  
     865	750.969  
     866	757.687  
     867	762.312  
     868	763.250  
     869	761.344  
     870	758.344  
     871	756.344  
     872	756.625  
     873	757.375  
     874	757.656  
     875	759.250  
     876	760.812  
     877	761.094  
     878	769.500  
     879	768.875  
     880	786.469  
     881	781.375  
     882	778.312  
     883	775.812  
     884	781.187  
     885	785.969  
     886	793.594  
     887	798.812  
     888	801.094  
     889	800.469  
     890	798.125  
     891	797.000  
     892	795.562  
     893	797.250  
     894	799.531  
     895	802.062  
     896	803.750  
     897	804.750  
     898	813.594  
     899	811.781  
     900	833.125  
     901	825.781  
     902	821.031  
     903	818.969  
     904	823.656  
     905	827.781  
     906	838.250  
     907	844.594  
     908	845.312  
     909	841.531  
     910	837.250  
     911	834.031  
     912	831.531  
     913	829.687  
     914	829.281  
     915	830.937  
     916	833.031  
     917	834.094  
     918	841.125  
     919	839.687  
     920	861.625  
     921	853.531  
     922	847.562  
     923	843.406  
     924	844.687  
     925	846.625  
     926	852.250  
     927	856.594  
     928	855.219  
     929	849.219  
     930	843.469  
     931	838.875  
     932	836.969  
     933	834.594  
     934	834.062  
     935	833.125  
     936	832.594  
     937	830.812  
     938	835.531  
     939	832.250  
     940	852.312  
     941	843.000  
     942	835.687  
     943	826.031  
     944	827.906  
     945	828.406  
     946	831.375  
     947	834.781  
     948	833.781  
     949	827.781  
     950	821.219  
     951	814.500  
     952	809.687  
     953	807.000  
     954	804.219  
     955	802.687  
     956	801.719  
     957	798.344  
     958	802.000  
     959	797.094  
     960	813.344  
     961	806.594  
     962	798.406  
     963	791.094  
     964	792.594  
     965	793.875  
     966	797.750  
     967	799.031  
     968	798.062  
     969	793.000  
     970	785.969  
     971	777.906  
     972	772.594  
     973	769.000  
     974	766.812  
     975	765.219  
     976	764.531  
     977	763.344  
     978	767.500  
     979	762.375  
     980	778.125  
     981	771.031  
     982	765.625  
     983	759.312  
     984	761.594  
     985	764.000  
     986	769.844  
     987	772.000  
     988	769.750  
     989	766.344  
     990	761.406  
     991	757.062  
     992	752.406  
     993	751.344  
     994	750.375  
     995	750.531  
     996	751.062  
     997	750.312  
     998	758.312  
     999	754.156  
    1000	771.125  
    1001	765.625  
    1002	761.187  
    1003	755.844  
    1004	760.187  
    1005	763.375  
    1006	771.156  
    1007	775.437  
    1008	777.156  
    1009	775.344  
    1010	772.781  
    1011	770.125  
    1012	769.719  
    1013	770.562  
    1014	773.031  
    1015	776.531  
    1016	778.875  
    1017	779.187  
    1018	786.406  
    1019	785.187  
    1020	806.719  
    1021	804.250  
    1022	802.156  
    1023	799.187  
    1024	805.531  
    1025	813.000  
    1026	822.562  
    1027	829.531  
    1028	833.344  
    1029	831.687  
    1030	829.187  
    1031	826.719  
    1032	827.375  
    1033	828.906  
    1034	832.031  
    1035	835.625  
    1036	838.531  
    1037	839.500  
    1038	847.812  
    1039	849.219  
    1040	875.437  
    1041	870.469  
    1042	867.094  
    1043	863.687  
    1044	870.531  
    1045	875.750  
    1046	887.156  
    1047	893.437  
    1048	896.719  
    1049	894.031  
    1050	891.250  
    1051	889.094  
    1052	888.156  
    1053	888.219  
    1054	892.469  
    1055	894.781  
    1056	896.531  
    1057	899.125  
    1058	906.312  
    1059	906.187  
    1060	934.219  
    1061	926.719  
    1062	918.000  
    1063	912.500  
    1064	912.344  
    1065	914.969  
    1066	923.687  
    1067	930.937  
    1068	931.344  
    1069	925.781  
    1070	919.062  
    1071	912.281  
    1072	909.375  
    1073	907.687  
    1074	907.750  
    1075	908.125  
    1076	905.969  
    1077	904.469  
    1078	909.937  
    1079	906.312  
    1080	928.750  
    1081	917.406  
    1082	907.781  
    1083	898.937  
    1084	899.250  
    1085	899.125  
    1086	904.781  
    1087	908.875  
    1088	906.812  
    1089	900.719  
    1090	893.000  
    1091	885.687  
    1092	878.125  
    1093	873.750  
    1094	872.562  
    1095	870.625  
    1096	868.187  
    1097	865.531  
    1098	870.031  
    1099	866.406  
    1100	888.344  
    1101	876.594  
    1102	865.094  
    1103	855.031  
    1104	853.875  
    1105	851.281  
    1106	853.500  
    1107	854.687  
    1108	851.844  
    1109	844.531  
    1110	836.344  
    1111	829.719  
    1112	823.312  
    1113	818.719  
    1114	815.531  
    1115	812.187  
    1116	809.094  
    1117	805.594  
    1118	808.750  
    1119	802.781  
    1120	818.875  
    1121	810.344  
    1122	801.594  
    1123	794.719  
    1124	796.094  
    1125	793.719  
    1126	798.062  
    1127	800.031  
    1128	798.437  
    1129	792.125  
    1130	785.469  
    1131	779.031  
    1132	774.937  
    1133	772.875  
    1134	771.687  
    1135	771.156  
    1136	771.406  
    1137	769.906  
    1138	775.812  
    1139	772.187  
    1140	789.031  
    1141	784.094  
    1142	778.219  
    1143	773.344  
    1144	776.875  
    1145	780.594  
    1146	786.312  
    1147	791.344  
    1148	791.344  
    1149	788.812  
    1150	785.500  
    1151	781.562  
    1152	780.156  
    1153	780.469  
    1154	782.562  
    1155	785.844  
    1156	788.344  
    1157	789.281  
    1158	797.906  
    1159	798.125  
    1160	821.406  
    1161	819.531  
    1162	819.031  
    1163	816.844  
    1164	824.656  
    1165	832.344  
    1166	844.781  
    1167	853.656  
    1168	858.625  
    1169	858.281  
    1170	856.562  
    1171	855.687  
    1172	857.375  
    1173	860.812  
    1174	864.500  
    1175	868.750  
    1176	874.687  
    1177	879.375  
    1178	890.750  
    1179	894.031  
    1180	923.187  
    1181	919.156  
    1182	915.562  
    1183	917.437  
    1184	930.406  
    1185	938.250  
    1186	952.250  
    1187	964.531  
    1188	972.000  
    1189	973.219  
    1190	969.031  
    1191	965.656  
    1192	967.281  
    1193	971.500  
    1194	974.250  
    1195	979.875  
    1196	985.375  
    1197	987.094  
    1198	998.375  
    1199	1002.844 
    1200	1040.594 
    1201	1036.844 
    1202	1028.219 
    1203	1026.156 
    1204	1028.344 
    1205	1032.687 
    1206	1047.812 
    1207	1060.375 
    1208	1062.219 
    1209	1058.750 
    1210	1049.125 
    1211	1037.156 
    1212	1032.000 
    1213	1027.281 
    1214	1024.375 
    1215	1024.375 
    1216	1027.531 
    1217	1027.937 
    1218	1036.437 
    1219	1034.156 
    1220	1068.906 
    1221	1058.250 
    1222	1045.375 
    1223	1038.875 
    1224	1037.187 
    1225	1037.437 
    1226	1043.531 
    1227	1050.094 
    1228	1046.844 
    1229	1037.625 
    1230	1026.125 
    1231	1014.812 
    1232	1003.031 
    1233	994.844  
    1234	990.656  
    1235	988.250  
    1236	983.562  
    1237	979.375  
    1238	982.281  
    1239	978.000  
    1240	1004.500 
    1241	988.250  
    1242	974.594  
    1243	965.125  
    1244	962.250  
    1245	962.437  
    1246	967.500  
    1247	970.375  
    1248	965.812  
    1249	953.125  
    1250	940.000  
    1251	929.031  
    1252	920.750  
    1253	914.625  
    1254	910.750  
    1255	905.875  
    1256	902.562  
    1257	898.844  
    1258	900.375  
    1259	891.969  
    1260	911.594  
    1261	899.219  
    1262	887.687  
    1263	877.281  
    1264	874.406  
    1265	873.625  
    1266	876.906  
    1267	876.656  
    1268	872.437  
    1269	865.469  
    1270	857.000  
    1271	849.187  
    1272	842.437  
    1273	839.344  
    1274	836.719  
    1275	832.312  
    1276	829.594  
    1277	826.719  
    1278	830.062  
    1279	825.406  
    1280	844.969  
    1281	836.625  
    1282	829.219  
    1283	820.594  
    1284	820.687  
    1285	821.719  
    1286	827.875  
    1287	831.094  
    1288	832.094  
    1289	828.031  
    1290	825.344  
    1291	822.437  
    1292	822.000  
    1293	820.781  
    1294	822.094  
    1295	823.187  
    1296	826.219  
    1297	827.094  
    1298	837.719  
    1299	839.312  
    1300	865.531  
    1301	863.125  
    1302	859.406  
    1303	857.625  
    1304	866.312  
    1305	874.437  
    1306	888.656  
    1307	901.219  
    1308	907.844  
    1309	906.187  
    1310	904.625  
    1311	904.406  
    1312	906.437  
    1313	910.969  
    1314	917.500  
    1315	927.469  
    1316	934.625  
    1317	942.656  
    1318	959.031  
    1319	966.187  
    1320	1006.344 
    1321	1008.344 
    1322	1007.281 
    1323	1012.031 
    1324	1025.000 
    1325	1039.094 
    1326	1058.437 
    1327	1073.312 
    1328	1082.562 
    1329	1086.281 
    1330	1086.250 
    1331	1086.281 
    1332	1091.219 
    1333	1097.062 
    1334	1104.250 
    1335	1112.250 
    1336	1120.281 
    1337	1125.750 
    1338	1141.156 
    1339	1150.375 
    1340	1201.875 
    1341	1191.062 
    1342	1184.094 
    1343	1187.812 
    1344	1194.875 
    1345	1206.844 
    1346	1230.812 
    1347	1241.906 
    1348	1243.875 
    1349	1238.594 
    1350	1233.687 
    1351	1231.562 
    1352	1233.625 
    1353	1235.625 
    1354	1247.937 
    1355	1255.344 
    1356	1254.219 
    1357	1253.719 
    1358	1258.281 
    1359	1263.437 
    1360	1314.094 
    1361	1290.000 
    1362	1275.719 
    1363	1269.969 
    1364	1271.969 
    1365	1277.875 
    1366	1289.094 
    1367	1300.094 
    1368	1296.000 
    1369	1281.062 
    1370	1264.812 
    1371	1254.375 
    1372	1248.531 
    1373	1244.219 
    1374	1239.750 
    1375	1236.000 
    1376	1232.969 
    1377	1229.844 
    1378	1234.000 
    1379	1229.812 
    1380	1266.687 
    1381	1236.125 
    1382	1214.281 
    1383	1204.906 
    1384	1199.844 
    1385	1195.750 
    1386	1201.312 
    1387	1202.406 
    1388	1191.031 
    1389	1169.781 
    1390	1146.937 
    1391	1127.375 
    1392	1115.000 
    1393	1103.906 
    1394	1094.500 
    1395	1087.969 
    1396	1081.000 
    1397	1074.312 
    1398	1068.906 
    1399	1058.437 
    1400	1085.500 
    1401	1061.750 
    1402	1039.562 
    1403	1020.844 
    1404	1011.969 
    1405	1003.906 
    1406	1002.406 
    1407	999.344  
    1408	989.562  
    1409	973.000  
    1410	954.625  
    1411	940.187  
    1412	928.312  
    1413	918.812  
    1414	914.156  
    1415	909.094  
    1416	902.062  
    1417	893.187  
    1418	894.656  
    1419	885.812  
    1420	904.750  
    1421	889.969  
    1422	875.094  
    1423	862.500  
    1424	859.750  
    1425	857.187  
    1426	858.625  
    1427	858.375  
    1428	855.531  
    1429	848.000  
    1430	839.281  
    1431	832.687  
    1432	828.406  
    1433	825.156  
    1434	822.406  
    1435	821.125  
    1436	820.937  
    1437	821.375  
    1438	829.844  
    1439	829.594  
    1440	851.250  
    1441	844.250  
    1442	839.906  
    1443	836.750  
    1444	844.094  
    1445	850.594  
    1446	862.531  
    1447	873.281  
    1448	880.344  
    1449	880.656  
    1450	881.687  
    1451	883.437  
    1452	888.781  
    1453	894.812  
    1454	902.875  
    1455	914.656  
    1456	926.625  
    1457	942.312  
    1458	962.125  
    1459	972.219  
    1460	1011.875 
    1461	1009.687 
    1462	1009.219 
    1463	1017.000 
    1464	1033.875 
    1465	1055.000 
    1466	1086.687 
    1467	1111.656 
    1468	1124.594 
    1469	1129.906 
    1470	1130.500 
    1471	1133.656 
    1472	1148.125 
    1473	1173.000 
    1474	1196.562 
    1475	1220.781 
    1476	1235.562 
    1477	1247.969 
    1478	1267.281 
    1479	1290.937 
    1480	1362.156 
    1481	1355.781 
    1482	1350.875 
    1483	1368.312 
    1484	1378.625 
    1485	1395.062 
    1486	1421.500 
    1487	1440.875 
    1488	1449.969 
    1489	1449.781 
    1490	1445.469 
    1491	1447.250 
    1492	1451.969 
    1493	1453.344 
    1494	1461.219 
    1495	1475.187 
    1496	1481.187 
    1497	1478.469 
    1498	1488.562 
    1499	1514.875 
    1500	1598.875 
    1501	1562.312 
    1502	1543.406 
    1503	1547.125 
    1504	1549.719 
    1505	1560.219 
    1506	1591.781 
    1507	1610.312 
    1508	1612.281 
    1509	1596.375 
    1510	1576.187 
    1511	1565.781 
    1512	1551.031 
    1513	1545.781 
    1514	1551.969 
    1515	1554.937 
    1516	1558.500 
    1517	1557.687 
    1518	1564.469 
    1519	1580.344 
    1520	1633.656 
    1521	1578.344 
    1522	1542.406 
    1523	1532.781 
    1524	1525.906 
    1525	1522.031 
    1526	1533.656 
    1527	1532.406 
    1528	1503.312 
    1529	1471.812 
    1530	1441.187 
    1531	1416.781 
    1532	1395.344 
    1533	1380.156 
    1534	1365.281 
    1535	1356.344 
    1536	1341.812 
    1537	1331.000 
    1538	1318.594 
    1539	1308.344 
    1540	1339.937 
    1541	1296.281 
    1542	1264.250 
    1543	1243.562 
    1544	1232.406 
    1545	1224.344 
    1546	1222.281 
    1547	1218.750 
    1548	1206.562 
    1549	1183.969 
    1550	1158.750 
    1551	1131.906 
    1552	1115.406 
    1553	1093.719 
    1554	1079.625 
    1555	1069.969 
    1556	1056.094 
    1557	1042.781 
    1558	1034.312 
    1559	1019.531 
    1560	1036.781 
    1561	1013.594 
    1562	987.281  
    1563	967.500  
    1564	958.219  
    1565	949.906  
    1566	948.656  
    1567	949.094  
    1568	942.937  
    1569	930.875  
    1570	918.687  
    1571	905.281  
    1572	896.969  
    1573	890.969  
    1574	886.812  
    1575	886.062  
    1576	885.062  
    1577	883.312  
    1578	888.969  
    1579	888.094  
    1580	913.281  
    1581	908.000  
    1582	902.969  
    1583	904.531  
    1584	917.719  
    1585	929.812  
    1586	951.031  
    1587	969.812  
    1588	984.187  
    1589	994.969  
    1590	1005.375 
    1591	1021.031 
    1592	1042.531 
    1593	1068.656 
    1594	1097.750 
    1595	1131.750 
    1596	1166.531 
    1597	1199.906 
    1598	1235.156 
    1599	1275.312 
    1600	1368.281 
    1601	1389.219 
    1602	1416.562 
    1603	1459.469 
    1604	1500.375 
    1605	1565.687 
    1606	1637.656 
    1607	1699.750 
    1608	1730.562 
    1609	1741.937 
    1610	1766.000 
    1611	1823.750 
    1612	1885.750 
    1613	1945.281 
    1614	1991.406 
    1615	2049.219 
    1616	2120.250 
    1617	2174.844 
    1618	2206.531 
    1619	2272.469 
    1620	2364.375 
    1621	2317.125 
    1622	2340.281 
    1623	2407.000 
    1624	2434.531 
    1625	2495.969 
    1626	2588.094 
    1627	2645.844 
    1628	2668.781 
    1629	2712.375 
    1630	2736.437 
    1631	2795.375 
    1632	2865.250 
    1633	2923.844 
    1634	2984.156 
    1635	3033.250 
    1636	3085.562 
    1637	3149.562 
    1638	3223.750 
    1639	3341.406 
    1640	3409.562 
    1641	3335.000 
    1642	3356.281 
    1643	3443.594 
    1644	3484.656 
    1645	3536.781 
    1646	3610.500 
    1647	3672.219 
    1648	3651.344 
    1649	3582.281 
    1650	3544.000 
    1651	3592.031 
    1652	3611.375 
    1653	3607.094 
    1654	3673.094 
    1655	3770.187 
    1656	3777.625 
    1657	3759.469 
    1658	3793.937 
    1659	3921.906 
    1660	3949.844 
    1661	3817.344 
    1662	3770.281 
    1663	3777.875 
    1664	3738.656 
    1665	3752.375 
    1666	3789.469 
    1667	3774.375 
    1668	3727.250 
    1669	3676.156 
    1670	3617.062 
    1671	3606.781 
    1672	3602.687 
    1673	3584.781 
    1674	3561.531 
    1675	3544.937 
    1676	3525.875 
    1677	3507.812 
    1678	3468.781 
    1679	3506.812 
    1680	3500.125 
    1681	3342.031 
    1682	3270.312 
    1683	3252.406 
    1684	3199.031 
    1685	3169.406 
    1686	3163.219 
    1687	3167.187 
    1688	3093.406 
    1689	2999.969 
    1690	2943.281 
    1691	2888.156 
    1692	2835.000 
    1693	2798.625 
    1694	2741.406 
    1695	2669.719 
    1696	2609.875 
    1697	2553.375 
    1698	2492.937 
    1699	2469.906 
    1700	2480.125 
    1701	2325.594 
    1702	2233.312 
    1703	2194.625 
    1704	2127.906 
    1705	2080.625 
    1706	2055.562 
    1707	2012.562 
    1708	1938.969 
    1709	1855.969 
    1710	1787.187 
    1711	1720.781 
    1712	1674.312 
    1713	1641.031 
    1714	1594.031 
    1715	1556.125 
    1716	1528.781 
    1717	1490.656 
    1718	1456.531 
    1719	1432.625 
    1720	1459.937 
    1721	1402.906 
    1722	1359.375 
    1723	1337.406 
    1724	1321.406 
    1725	1313.875 
    1726	1320.156 
    1727	1327.000 
    1728	1325.906 
    1729	1320.719 
    1730	1320.656 
    1731	1320.875 
    1732	1334.406 
    1733	1359.750 
    1734	1400.250 
    1735	1450.437 
    1736	1508.219 
    1737	1575.719 
    1738	1641.062 
    1739	1739.281 
    1740	1903.469 
    1741	1938.437 
    1742	2010.500 
    1743	2137.687 
    1744	2264.906 
    1745	2396.375 
    1746	2545.875 
    1747	2711.844 
    1748	2842.344 
    1749	2983.562 
    1750	3123.437 
    1751	3270.094 
    1752	3448.125 
    1753	3652.500 
    1754	3832.687 
    1755	4028.000 
    1756	4274.781 
    1757	4502.531 
    1758	4736.062 
    1759	5122.344 
    1760	5342.937 
    1761	5473.156 
    1762	5720.031 
    1763	6004.250 
    1764	6362.937 
    1765	6747.187 
    1766	7033.969 
    1767	7445.687 
    1768	7876.375 
    1769	8075.219 
    1770	8286.719 
    1771	8643.969 
    1772	9024.094 
    1773	9282.469 
    1774	9572.812 
    1775	9739.187 
    1776	9882.250 
    1777	10153.375
    1778	10616.406
    1779	11289.594
    1780	11799.500
    1781	12213.687
    1782	12642.250
    1783	13181.750
    1784	13744.844
    1785	14499.375
    1786	15428.406
    1787	16171.562
    1788	16527.344
    1789	16688.500
    1790	16815.625
    1791	17414.656
    1792	18119.250
    1793	18647.875
    1794	19067.562
    1795	19942.844
    1796	20514.500
    1797	20844.250
    1798	21411.562
    1799	21967.969
    1800	22471.875
    1801	22725.000
    1802	23351.719
    1803	24202.406
    1804	24924.375
    1805	26009.031
    1806	26732.219
    1807	26932.531
    1808	27308.312
    1809	27980.094
    1810	28571.719
    1811	28917.062
    1812	29207.156
    1813	30215.500
    1814	31315.531
    1815	31666.312
    1816	31636.906
    1817	31735.625
    1818	32145.875
    1819	32755.437
    1820	33397.250
    1821	34135.406
    1822	35143.469
    1823	35511.219
    1824	35861.906
    1825	36394.781
    1826	36794.312
    1827	37289.750
    1828	37708.594
    1829	38474.219
    1830	39682.531
    1831	40449.406
    1832	40999.906
    1833	41245.687
    1834	41413.937
    1835	42135.500
    1836	42848.187
    1837	42965.875
    1838	42932.562
    1839	43868.750
    1840	44620.000
    1841	44543.312
    1842	44943.000
    1843	45308.125
    1844	45569.312
    1845	45825.875
    1846	46123.281
    1847	46352.531
    1848	46440.656
    1849	46727.531
    1850	47313.719
    1851	47455.000
    1852	47603.281
    1853	48005.250
    1854	48814.719
    1855	49249.844
    1856	48819.875
    1857	48753.094
    1858	48876.812
    1859	48763.000
    1860	48741.812
    1861	49220.437
    1862	49720.719
    1863	49660.812
    1864	49350.969
    1865	49289.187
    1866	49530.219
    1867	49389.344
    1868	49375.000
    1869	49956.750
    1870	50376.719
    1871	50507.062
    1872	50297.344
    1873	49694.156
    1874	49025.281
    1875	48581.750
    1876	48637.531
    1877	48687.312
    1878	48687.156
    1879	48694.156
    1880	48478.719
    1881	48317.344
    1882	47987.000
    1883	47406.406
    1884	46902.969
    1885	46387.969
    1886	46180.406
    1887	45965.906
    1888	45668.656
    1889	45433.875
    1890	45018.344
    1891	44464.875
    1892	44028.250
    1893	44111.719
    1894	44070.594
    1895	43746.719
    1896	43729.750
    1897	43579.562
    1898	43416.625
    1899	43225.906
    1900	42775.500
    1901	42311.719
    1902	41852.906
    1903	41313.937
    1904	40776.469
    1905	40510.437
    1906	40250.312
    1907	39987.719
    1908	39995.187
    1909	39885.250
    1910	39374.094
    1911	38517.375
    1912	37798.781
    1913	37465.062
    1914	37211.812
    1915	36587.156
    1916	35704.625
    1917	35235.094
    1918	34643.656
    1919	33892.094
    1920	33188.437
    1921	32535.906
    1922	32021.969
    1923	31418.375
    1924	30815.250
    1925	30359.125
    1926	29772.469
    1927	29157.219
    1928	28458.031
    1929	28098.531
    1930	27636.750
    1931	26648.219
    1932	26076.656
    1933	26123.844
    1934	25723.250
    1935	24613.875
    1936	23919.687
    1937	23755.219
    1938	23517.125
    1939	23005.312
    1940	22193.937
    1941	21215.812
    1942	20432.375
    1943	19990.187
    1944	19565.906
    1945	19211.844
    1946	18811.594
    1947	18419.219
    1948	17956.531
    1949	17294.469
    1950	16592.219
    1951	16076.375
    1952	15768.969
    1953	15578.687
    1954	15183.562
    1955	14760.062
    1956	14433.156
    1957	13830.437
    1958	13099.437
    1959	12801.594
    1960	12582.219
    1961	12156.406
    1962	11497.344
    1963	11014.281
    1964	10727.031
    1965	10235.344
    1966	9746.719 
    1967	9497.937 
    1968	9094.687 
    1969	8652.812 
    1970	8374.219 
    1971	8009.281 
    1972	7695.656 
    1973	7339.156 
    1974	7019.281 
    1975	6735.656 
    1976	6476.250 
    1977	6202.437 
    1978	5955.687 
    1979	5816.844 
    1980	5487.969 
    1981	5091.344 
    1982	4880.562 
    1983	4763.437 
    1984	4525.000 
    1985	4332.062 
    1986	4139.625 
    1987	3900.344 
    1988	3659.156 
    1989	3452.187 
    1990	3281.156 
    1991	3127.812 
    1992	2960.906 
    1993	2826.812 
    1994	2719.906 
    1995	2610.406 
    1996	2495.500 
    1997	2375.187 
    1998	2279.562 
    1999	2222.719 
    2000	2207.031 
    2001	2037.344 
    2002	1919.094 
    2003	1845.937 
    2004	1770.750 
    2005	1718.812 
    2006	1682.875 
    2007	1648.000 
    2008	1591.375 
    2009	1527.000 
    2010	1473.781 
    2011	1430.812 
    2012	1394.312 
    2013	1367.406 
    2014	1349.219 
    2015	1338.844 
    2016	1325.031 
    2017	1317.000 
    2018	1316.656 
    2019	1322.125 
    2020	1380.937 
    2021	1354.906 
    2022	1346.031 
    2023	1356.875 
    2024	1378.875 
    2025	1409.469 
    2026	1461.750 
    2027	1509.187 
    2028	1542.500 
    2029	1564.437 
    2030	1593.781 
    2031	1626.719 
    2032	1675.031 
    2033	1731.344 
    2034	1779.500 
    2035	1836.937 
    2036	1904.250 
    2037	1958.906 
    2038	2028.031 
    2039	2123.125 
    2040	2261.000 
    2041	2237.062 
    2042	2247.937 
    2043	2335.344 
    2044	2382.719 
    2045	2443.906 
    2046	2538.281 
    2047	2606.594 
    2048	2618.500 
    2049	2650.531 
    2050	2712.375 
    2051	2774.531 
    2052	2794.719 
    2053	2826.281 
    2054	2920.531 
    2055	3050.719 
    2056	3115.156 
    2057	3108.531 
    2058	3076.437 
    2059	3112.531 
    2060	3160.781 
    2061	3082.469 
    2062	3095.094 
    2063	3175.156 
    2064	3208.375 
    2065	3256.469 
    2066	3303.000 
    2067	3323.594 
    2068	3282.656 
    2069	3279.094 
    2070	3338.687 
    2071	3435.875 
    2072	3543.875 
    2073	3589.500 
    2074	3552.500 
    2075	3502.187 
    2076	3484.562 
    2077	3537.375 
    2078	3577.906 
    2079	3621.844 
    2080	3628.156 
    2081	3506.656 
    2082	3442.281 
    2083	3463.125 
    2084	3441.781 
    2085	3437.250 
    2086	3477.625 
    2087	3477.156 
    2088	3418.937 
    2089	3375.719 
    2090	3326.375 
    2091	3289.656 
    2092	3270.031 
    2093	3266.219 
    2094	3230.375 
    2095	3189.219 
    2096	3152.906 
    2097	3152.969 
    2098	3141.375 
    2099	3169.875 
    2100	3165.312 
    2101	3000.094 
    2102	2930.219 
    2103	2934.656 
    2104	2891.844 
    2105	2867.875 
    2106	2872.719 
    2107	2829.719 
    2108	2758.031 
    2109	2697.062 
    2110	2632.594 
    2111	2567.156 
    2112	2524.687 
    2113	2494.281 
    2114	2455.594 
    2115	2423.031 
    2116	2383.625 
    2117	2347.344 
    2118	2291.375 
    2119	2273.750 
    2120	2283.062 
    2121	2140.531 
    2122	2065.437 
    2123	2046.125 
    2124	2007.625 
    2125	1980.031 
    2126	1974.375 
    2127	1951.281 
    2128	1892.812 
    2129	1817.812 
    2130	1765.875 
    2131	1731.031 
    2132	1694.812 
    2133	1658.156 
    2134	1627.594 
    2135	1591.469 
    2136	1556.781 
    2137	1517.187 
    2138	1488.531 
    2139	1468.031 
    2140	1495.531 
    2141	1431.625 
    2142	1382.125 
    2143	1349.312 
    2144	1322.625 
    2145	1298.844 
    2146	1291.469 
    2147	1278.062 
    2148	1252.312 
    2149	1217.656 
    2150	1181.625 
    2151	1154.875 
    2152	1136.125 
    2153	1113.031 
    2154	1094.906 
    2155	1081.531 
    2156	1069.781 
    2157	1057.031 
    2158	1049.594 
    2159	1038.187 
    2160	1057.781 
    2161	1039.687 
    2162	1017.906 
    2163	1001.656 
    2164	994.625  
    2165	989.937  
    2166	992.437  
    2167	997.062  
    2168	992.531  
    2169	985.375  
    2170	978.219  
    2171	971.562  
    2172	965.750  
    2173	966.312  
    2174	970.031  
    2175	976.406  
    2176	980.437  
    2177	986.906  
    2178	1002.719 
    2179	1009.937 
    2180	1051.000 
    2181	1056.687 
    2182	1055.312 
    2183	1060.219 
    2184	1071.969 
    2185	1085.250 
    2186	1105.500 
    2187	1128.062 
    2188	1143.844 
    2189	1151.687 
    2190	1156.219 
    2191	1162.812 
    2192	1173.875 
    2193	1187.937 
    2194	1207.781 
    2195	1228.406 
    2196	1247.750 
    2197	1262.687 
    2198	1285.844 
    2199	1305.844 
    2200	1371.844 
    2201	1353.469 
    2202	1345.781 
    2203	1365.281 
    2204	1386.969 
    2205	1409.531 
    2206	1441.281 
    2207	1470.281 
    2208	1476.219 
    2209	1471.469 
    2210	1465.594 
    2211	1463.969 
    2212	1468.687 
    2213	1483.250 
    2214	1496.656 
    2215	1510.219 
    2216	1519.062 
    2217	1523.125 
    2218	1530.469 
    2219	1544.250 
    2220	1615.062 
    2221	1568.156 
    2222	1534.687 
    2223	1533.156 
    2224	1535.156 
    2225	1543.344 
    2226	1564.906 
    2227	1589.875 
    2228	1587.906 
    2229	1573.156 
    2230	1559.156 
    2231	1545.687 
    2232	1544.719 
    2233	1546.031 
    2234	1544.781 
    2235	1533.000 
    2236	1528.719 
    2237	1522.594 
    2238	1521.281 
    2239	1535.156 
    2240	1595.687 
    2241	1550.156 
    2242	1516.156 
    2243	1502.437 
    2244	1486.344 
    2245	1476.719 
    2246	1486.969 
    2247	1497.844 
    2248	1478.844 
    2249	1451.094 
    2250	1425.812 
    2251	1404.687 
    2252	1390.656 
    2253	1378.687 
    2254	1370.250 
    2255	1366.469 
    2256	1353.656 
    2257	1337.250 
    2258	1331.187 
    2259	1328.594 
    2260	1373.000 
    2261	1330.000 
    2262	1297.719 
    2263	1282.812 
    2264	1267.469 
    2265	1256.969 
    2266	1255.781 
    2267	1251.844 
    2268	1238.656 
    2269	1212.594 
    2270	1184.469 
    2271	1163.531 
    2272	1144.437 
    2273	1131.562 
    2274	1121.031 
    2275	1109.250 
    2276	1098.531 
    2277	1086.469 
    2278	1081.000 
    2279	1070.281 
    2280	1093.250 
    2281	1066.219 
    2282	1044.187 
    2283	1029.844 
    2284	1019.469 
    2285	1007.031 
    2286	1002.219 
    2287	996.719  
    2288	984.562  
    2289	970.094  
    2290	956.875  
    2291	943.187  
    2292	931.250  
    2293	921.312  
    2294	915.656  
    2295	909.562  
    2296	903.062  
    2297	897.187  
    2298	897.656  
    2299	890.406  
    2300	909.531  
    2301	895.594  
    2302	883.562  
    2303	875.594  
    2304	875.750  
    2305	877.031  
    2306	884.000  
    2307	887.094  
    2308	886.469  
    2309	882.500  
    2310	876.125  
    2311	870.656  
    2312	869.156  
    2313	866.344  
    2314	867.437  
    2315	871.656  
    2316	874.375  
    2317	877.156  
    2318	886.656  
    2319	890.406  
    2320	923.656  
    2321	922.000  
    2322	918.875  
    2323	919.031  
    2324	928.906  
    2325	940.531  
    2326	956.375  
    2327	971.156  
    2328	978.812  
    2329	980.562  
    2330	979.531  
    2331	982.094  
    2332	987.406  
    2333	995.625  
    2334	1009.125 
    2335	1019.937 
    2336	1030.562 
    2337	1043.062 
    2338	1060.219 
    2339	1071.906 
    2340	1123.594 
    2341	1120.875 
    2342	1119.094 
    2343	1124.469 
    2344	1136.656 
    2345	1148.156 
    2346	1169.687 
    2347	1189.094 
    2348	1201.469 
    2349	1205.625 
    2350	1205.000 
    2351	1206.437 
    2352	1214.156 
    2353	1221.750 
    2354	1226.969 
    2355	1234.187 
    2356	1242.750 
    2357	1249.875 
    2358	1268.656 
    2359	1281.781 
    2360	1343.781 
    2361	1327.906 
    2362	1314.406 
    2363	1316.656 
    2364	1321.500 
    2365	1330.719 
    2366	1356.406 
    2367	1377.844 
    2368	1379.375 
    2369	1369.375 
    2370	1359.437 
    2371	1352.406 
    2372	1350.437 
    2373	1351.687 
    2374	1356.687 
    2375	1366.625 
    2376	1373.781 
    2377	1371.531 
    2378	1377.687 
    2379	1383.344 
    2380	1436.781 
    2381	1402.656 
    2382	1375.375 
    2383	1368.875 
    2384	1368.875 
    2385	1371.125 
    2386	1384.844 
    2387	1393.750 
    2388	1386.094 
    2389	1367.469 
    2390	1350.875 
    2391	1337.062 
    2392	1321.531 
    2393	1307.719 
    2394	1307.000 
    2395	1301.406 
    2396	1294.562 
    2397	1288.406 
    2398	1289.187 
    2399	1287.719 
    2400	1325.844 
    2401	1293.375 
    2402	1264.625 
    2403	1254.469 
    2404	1243.094 
    2405	1227.969 
    2406	1229.844 
    2407	1231.281 
    2408	1215.125 
    2409	1194.531 
    2410	1173.000 
    2411	1161.500 
    2412	1151.531 
    2413	1144.031 
    2414	1138.469 
    2415	1131.812 
    2416	1122.000 
    2417	1111.000 
    2418	1105.937 
    2419	1098.969 
    2420	1128.562 
    2421	1102.844 
    2422	1080.656 
    2423	1065.562 
    2424	1057.031 
    2425	1046.656 
    2426	1046.500 
    2427	1042.250 
    2428	1031.469 
    2429	1014.406 
    2430	994.531  
    2431	974.125  
    2432	961.187  
    2433	952.469  
    2434	943.687  
    2435	937.094  
    2436	930.469  
    2437	921.219  
    2438	922.500  
    2439	914.375  
    2440	934.094  
    2441	915.687  
    2442	900.219  
    2443	890.656  
    2444	887.000  
    2445	884.875  
    2446	886.125  
    2447	883.844  
    2448	878.156  
    2449	868.125  
    2450	856.531  
    2451	846.250  
    2452	839.875  
    2453	833.375  
    2454	830.031  
    2455	826.844  
    2456	821.844  
    2457	818.094  
    2458	822.062  
    2459	816.812  
    2460	835.187  
    2461	827.250  
    2462	818.625  
    2463	811.750  
    2464	812.687  
    2465	813.500  
    2466	818.437  
    2467	821.969  
    2468	821.344  
    2469	817.969  
    2470	813.250  
    2471	807.969  
    2472	805.812  
    2473	805.187  
    2474	805.406  
    2475	807.187  
    2476	809.562  
    2477	809.937  
    2478	818.875  
    2479	817.656  
    2480	840.531  
    2481	834.719  
    2482	829.719  
    2483	827.562  
    2484	833.469  
    2485	839.219  
    2486	848.281  
    2487	858.187  
    2488	863.875  
    2489	863.437  
    2490	861.969  
    2491	861.062  
    2492	862.062  
    2493	864.781  
    2494	868.219  
    2495	873.437  
    2496	878.469  
    2497	883.531  
    2498	897.250  
    2499	902.406  
    2500	932.781  
    2501	929.344  
    2502	925.875  
    2503	926.719  
    2504	932.219  
    2505	937.500  
    2506	948.437  
    2507	959.344  
    2508	963.781  
    2509	964.656  
    2510	961.531  
    2511	959.250  
    2512	960.875  
    2513	963.375  
    2514	968.406  
    2515	971.219  
    2516	975.687  
    2517	978.125  
    2518	987.594  
    2519	990.687  
    2520	1027.344 
    2521	1019.469 
    2522	1007.031 
    2523	1001.969 
    2524	1009.125 
    2525	1016.000 
    2526	1030.594 
    2527	1038.875 
    2528	1039.500 
    2529	1035.437 
    2530	1027.000 
    2531	1019.469 
    2532	1013.312 
    2533	1012.969 
    2534	1010.531 
    2535	1007.906 
    2536	1008.281 
    2537	1009.406 
    2538	1012.687 
    2539	1010.000 
    2540	1042.719 
    2541	1033.531 
    2542	1021.531 
    2543	1009.969 
    2544	1006.719 
    2545	1004.469 
    2546	1007.187 
    2547	1012.219 
    2548	1010.312 
    2549	998.687  
    2550	985.781  
    2551	975.625  
    2552	969.281  
    2553	964.000  
    2554	959.750  
    2555	958.594  
    2556	955.969  
    2557	953.812  
    2558	956.437  
    2559	949.969  
    2560	974.906  
    2561	958.406  
    2562	943.031  
    2563	930.750  
    2564	926.875  
    2565	923.781  
    2566	926.781  
    2567	928.594  
    2568	921.750  
    2569	912.094  
    2570	901.312  
    2571	890.844  
    2572	883.781  
    2573	876.844  
    2574	871.312  
    2575	868.250  
    2576	865.844  
    2577	862.250  
    2578	863.750  
    2579	855.781  
    2580	875.437  
    2581	864.812  
    2582	852.375  
    2583	841.531  
    2584	842.281  
    2585	842.500  
    2586	845.531  
    2587	846.125  
    2588	841.156  
    2589	834.375  
    2590	825.875  
    2591	818.469  
    2592	812.781  
    2593	809.687  
    2594	807.125  
    2595	804.344  
    2596	802.969  
    2597	800.781  
    2598	805.437  
    2599	799.469  
    2600	815.406  
    2601	805.594  
    2602	797.406  
    2603	790.031  
    2604	791.562  
    2605	792.500  
    2606	797.625  
    2607	799.312  
    2608	796.687  
    2609	791.312  
    2610	786.312  
    2611	780.562  
    2612	777.219  
    2613	775.281  
    2614	773.937  
    2615	773.281  
    2616	772.875  
    2617	772.969  
    2618	778.969  
    2619	774.437  
    2620	791.906  
    2621	786.812  
    2622	782.094  
    2623	777.469  
    2624	780.062  
    2625	784.687  
    2626	790.969  
    2627	796.500  
    2628	797.437  
    2629	795.531  
    2630	792.281  
    2631	788.750  
    2632	787.625  
    2633	788.031  
    2634	790.000  
    2635	792.094  
    2636	793.687  
    2637	794.406  
    2638	802.906  
    2639	800.562  
    2640	822.062  
    2641	817.344  
    2642	811.937  
    2643	808.062  
    2644	812.062  
    2645	816.219  
    2646	825.406  
    2647	830.562  
    2648	832.375  
    2649	830.656  
    2650	828.250  
    2651	826.094  
    2652	825.687  
    2653	826.750  
    2654	829.219  
    2655	831.281  
    2656	833.125  
    2657	832.531  
    2658	839.406  
    2659	839.312  
    2660	861.469  
    2661	855.969  
    2662	850.062  
    2663	846.000  
    2664	849.531  
    2665	851.906  
    2666	859.625  
    2667	865.437  
    2668	866.812  
    2669	864.344  
    2670	858.875  
    2671	854.531  
    2672	851.812  
    2673	850.625  
    2674	851.687  
    2675	852.562  
    2676	853.125  
    2677	851.875  
    2678	856.875  
    2679	855.469  
    2680	880.125  
    2681	871.594  
    2682	863.312  
    2683	855.937  
    2684	860.719  
    2685	863.969  
    2686	871.312  
    2687	874.906  
    2688	874.031  
    2689	867.281  
    2690	859.062  
    2691	852.156  
    2692	847.500  
    2693	846.281  
    2694	844.719  
    2695	844.469  
    2696	842.781  
    2697	840.344  
    2698	846.250  
    2699	841.312  
    2700	861.594  
    2701	850.875  
    2702	840.719  
    2703	831.531  
    2704	833.125  
    2705	833.375  
    2706	837.406  
    2707	840.469  
    2708	838.062  
    2709	832.437  
    2710	824.906  
    2711	818.250  
    2712	812.687  
    2713	809.437  
    2714	806.750  
    2715	805.719  
    2716	803.594  
    2717	801.844  
    2718	806.562  
    2719	801.125  
    2720	817.906  
    2721	809.469  
    2722	803.125  
    2723	796.312  
    2724	798.562  
    2725	800.094  
    2726	804.719  
    2727	806.719  
    2728	804.562  
    2729	799.062  
    2730	793.906  
    2731	787.781  
    2732	782.281  
    2733	780.531  
    2734	779.344  
    2735	778.437  
    2736	776.125  
    2737	773.500  
    2738	778.094  
    2739	772.625  
    2740	788.000  
    2741	780.906  
    2742	775.281  
    2743	770.125  
    2744	774.281  
    2745	776.719  
    2746	782.156  
    2747	784.406  
    2748	783.719  
    2749	779.562  
    2750	775.125  
    2751	771.187  
    2752	769.750  
    2753	768.469  
    2754	769.281  
    2755	768.781  
    2756	768.719  
    2757	768.906  
    2758	776.812  
    2759	774.250  
    2760	792.750  
    2761	785.687  
    2762	781.031  
    2763	777.406  
    2764	781.094  
    2765	783.500  
    2766	791.312  
    2767	795.719  
    2768	797.937  
    2769	795.156  
    2770	791.562  
    2771	787.812  
    2772	786.875  
    2773	786.625  
    2774	787.375  
    2775	788.219  
    2776	789.031  
    2777	790.125  
    2778	798.406  
    2779	795.875  
    2780	815.937  
    2781	812.812  
    2782	809.219  
    2783	803.250  
    2784	808.437  
    2785	813.187  
    2786	821.156  
    2787	827.375  
    2788	828.875  
    2789	827.031  
    2790	823.500  
    2791	821.562  
    2792	819.187  
    2793	818.719  
    2794	819.344  
    2795	821.094  
    2796	822.969  
    2797	824.062  
    2798	831.844  
    2799	829.937  
    2800	851.187  
    2801	845.656  
    2802	839.594  
    2803	835.125  
    2804	840.656  
    2805	844.437  
    2806	851.687  
    2807	857.625  
    2808	858.094  
    2809	853.937  
    2810	849.500  
    2811	844.250  
    2812	841.125  
    2813	839.406  
    2814	840.406  
    2815	840.062  
    2816	841.000  
    2817	841.500  
    2818	846.625  
    2819	842.906  
    2820	865.500  
    2821	858.437  
    2822	852.500  
    2823	846.312  
    2824	848.656  
    2825	850.875  
    2826	857.281  
    2827	861.125  
    2828	859.656  
    2829	853.219  
    2830	846.281  
    2831	840.875  
    2832	837.187  
    2833	836.687  
    2834	835.219  
    2835	833.687  
    2836	833.156  
    2837	830.187  
    2838	836.656  
    2839	832.062  
    2840	850.875  
    2841	841.094  
    2842	833.094  
    2843	825.906  
    2844	826.812  
    2845	829.594  
    2846	834.000  
    2847	837.031  
    2848	834.781  
    2849	828.625  
    2850	822.969  
    2851	816.031  
    2852	810.687  
    2853	805.875  
    2854	802.531  
    2855	800.812  
    2856	799.781  
    2857	796.750  
    2858	801.719  
    2859	796.937  
    2860	813.562  
    2861	805.750  
    2862	796.875  
    2863	789.594  
    2864	790.719  
    2865	790.875  
    2866	794.625  
    2867	797.219  
    2868	794.469  
    2869	790.031  
    2870	783.656  
    2871	777.719  
    2872	773.562  
    2873	769.750  
    2874	769.062  
    2875	767.469  
    2876	766.250  
    2877	765.281  
    2878	771.781  
    2879	767.781  
    2880	783.125  
    2881	775.562  
    2882	769.062  
    2883	763.031  
    2884	764.687  
    2885	765.937  
    2886	771.094  
    2887	773.875  
    2888	773.000  
    2889	767.531  
    2890	762.125  
    2891	756.687  
    2892	753.687  
    2893	751.875  
    2894	751.687  
    2895	753.187  
    2896	752.937  
    2897	753.031  
    2898	760.125  
    2899	756.344  
    2900	772.562  
    2901	768.031  
    2902	764.125  
    2903	759.000  
    2904	761.906  
    2905	765.250  
    2906	771.219  
    2907	775.219  
    2908	775.219  
    2909	770.937  
    2910	765.812  
    2911	761.656  
    2912	758.625  
    2913	758.187  
    2914	757.969  
    2915	760.219  
    2916	760.250  
    2917	761.000  
    2918	768.312  
    2919	764.500  
    2920	781.656  
    2921	777.969  
    2922	774.750  
    2923	769.094  
    2924	773.344  
    2925	777.062  
    2926	783.875  
    2927	788.437  
    2928	789.219  
    2929	785.594  
    2930	781.156  
    2931	777.281  
    2932	777.625  
    2933	777.125  
    2934	777.844  
    2935	778.625  
    2936	780.500  
    2937	781.156  
    2938	789.000  
    2939	785.531  
    2940	805.531  
    2941	800.406  
    2942	795.375  
    2943	789.844  
    2944	793.562  
    2945	796.906  
    2946	802.937  
    2947	806.937  
    2948	808.531  
    2949	805.344  
    2950	802.375  
    2951	800.250  
    2952	796.781  
    2953	795.031  
    2954	795.937  
    2955	796.719  
    2956	797.812  
    2957	795.594  
    2958	804.187  
    2959	802.812  
    2960	822.406  
    2961	815.937  
    2962	808.469  
    2963	803.281  
    2964	806.875  
    2965	809.469  
    2966	815.062  
    2967	819.937  
    2968	821.250  
    2969	817.937  
    2970	812.437  
    2971	807.094  
    2972	803.406  
    2973	801.625  
    2974	802.125  
    2975	801.687  
    2976	800.250  
    2977	798.781  
    2978	804.312  
    2979	799.562  
    2980	817.500  
    2981	812.187  
    2982	806.812  
    2983	798.687  
    2984	799.687  
    2985	800.781  
    2986	806.187  
    2987	809.312  
    2988	807.187  
    2989	802.625  
    2990	797.719  
    2991	793.594  
    2992	789.969  
    2993	786.437  
    2994	785.844  
    2995	784.844  
    2996	782.531  
    2997	780.875  
    2998	786.625  
    2999	781.875  
    3000	799.000  
    3001	791.719  
    3002	785.125  
    3003	777.500  
    3004	779.406  
    3005	779.812  
    3006	784.344  
    3007	786.656  
    3008	784.969  
    3009	779.719  
    3010	773.219  
    3011	767.687  
    3012	764.469  
    3013	761.250  
    3014	761.219  
    3015	760.125  
    3016	759.844  
    3017	758.187  
    3018	764.656  
    3019	759.219  
    3020	774.062  
    3021	768.469  
    3022	761.344  
    3023	754.437  
    3024	756.719  
    3025	759.812  
    3026	765.812  
    3027	768.531  
    3028	767.437  
    3029	764.375  
    3030	759.344  
    3031	753.500  
    3032	748.906  
    3033	746.531  
    3034	745.187  
    3035	744.469  
    3036	743.969  
    3037	743.125  
    3038	749.781  
    3039	746.344  
    3040	762.125  
    3041	757.281  
    3042	752.594  
    3043	747.031  
    3044	749.156  
    3045	750.031  
    3046	755.875  
    3047	758.594  
    3048	758.562  
    3049	754.062  
    3050	749.812  
    3051	745.594  
    3052	742.031  
    3053	741.656  
    3054	742.156  
    3055	741.469  
    3056	741.594  
    3057	741.156  
    3058	749.594  
    3059	744.781  
    3060	759.187  
    3061	755.125  
    3062	750.937  
    3063	746.656  
    3064	750.969  
    3065	753.281  
    3066	760.875  
    3067	764.875  
    3068	765.375  
    3069	762.906  
    3070	760.281  
    3071	756.656  
    3072	754.437  
    3073	753.719  
    3074	754.312  
    3075	754.531  
    3076	756.469  
    3077	755.906  
    3078	763.500  
    3079	760.031  
    3080	777.844  
    3081	774.312  
    3082	770.062  
    3083	764.344  
    3084	769.281  
    3085	772.875  
    3086	780.344  
    3087	783.125  
    3088	783.625  
    3089	780.469  
    3090	777.812  
    3091	773.906  
    3092	770.469  
    3093	769.844  
    3094	771.250  
    3095	772.406  
    3096	773.656  
    3097	773.156  
    3098	778.781  
    3099	775.094  
    3100	794.094  
    3101	790.125  
    3102	784.562  
    3103	778.969  
    3104	782.812  
    3105	784.594  
    3106	789.469  
    3107	793.062  
    3108	793.406  
    3109	791.000  
    3110	785.781  
    3111	781.937  
    3112	780.156  
    3113	779.844  
    3114	780.406  
    3115	780.781  
    3116	781.187  
    3117	778.937  
    3118	784.031  
    3119	779.594  
    3120	795.937  
    3121	789.719  
    3122	783.219  
    3123	777.344  
    3124	781.000  
    3125	783.187  
    3126	787.875  
    3127	792.062  
    3128	791.469  
    3129	787.719  
    3130	782.750  
    3131	776.531  
    3132	773.156  
    3133	771.281  
    3134	770.469  
    3135	769.812  
    3136	769.312  
    3137	766.781  
    3138	771.531  
    3139	766.281  
    3140	781.000  
    3141	774.437  
    3142	769.562  
    3143	763.656  
    3144	765.844  
    3145	767.531  
    3146	772.656  
    3147	775.719  
    3148	775.937  
    3149	772.656  
    3150	767.437  
    3151	762.656  
    3152	759.219  
    3153	755.781  
    3154	754.406  
    3155	753.937  
    3156	753.437  
    3157	752.031  
    3158	758.531  
    3159	755.250  
    3160	770.594  
    3161	764.719  
    3162	759.562  
    3163	753.625  
    3164	756.312  
    3165	757.031  
    3166	761.469  
    3167	765.000  
    3168	764.281  
    3169	760.219  
    3170	755.094  
    3171	750.406  
    3172	746.406  
    3173	743.281  
    3174	742.219  
    3175	742.469  
    3176	741.281  
    3177	740.156  
    3178	746.531  
    3179	742.250  
    3180	756.562  
    3181	752.625  
    3182	746.437  
    3183	740.969  
    3184	743.094  
    3185	746.719  
    3186	752.719  
    3187	755.969  
    3188	756.125  
    3189	753.594  
    3190	749.187  
    3191	745.281  
    3192	742.969  
    3193	740.906  
    3194	739.687  
    3195	739.156  
    3196	740.406  
    3197	739.906  
    3198	747.281  
    3199	743.719  
    3200	758.812  
    3201	754.094  
    3202	750.375  
    3203	745.219  
    3204	748.687  
    3205	751.406  
    3206	756.750  
    3207	761.000  
    3208	761.406  
    3209	760.125  
    3210	757.187  
    3211	754.062  
    3212	751.594  
    3213	750.500  
    3214	750.562  
    3215	750.937  
    3216	751.937  
    3217	751.469  
    3218	757.094  
    3219	753.844  
    3220	769.656  
    3221	764.906  
    3222	759.844  
    3223	753.906  
    3224	757.969  
    3225	760.312  
    3226	766.500  
    3227	769.719  
    3228	770.687  
    3229	768.187  
    3230	764.750  
    3231	761.344  
    3232	759.187  
    3233	757.312  
    3234	757.906  
    3235	758.187  
    3236	757.906  
    3237	756.656  
    3238	762.906  
    3239	758.906  
    3240	777.250  
    3241	771.844  
    3242	766.656  
    3243	762.625  
    3244	767.125  
    3245	770.469  
    3246	775.500  
    3247	778.469  
    3248	776.625  
    3249	773.375  
    3250	767.812  
    3251	763.531  
    3252	760.406  
    3253	757.625  
    3254	757.875  
    3255	758.250  
    3256	756.812  
    3257	756.406  
    3258	762.719  
    3259	757.594  
    3260	773.437  
    3261	768.625  
    3262	763.594  
    3263	758.469  
    3264	762.000  
    3265	763.594  
    3266	769.031  
    3267	772.469  
    3268	773.062  
    3269	768.531  
    3270	763.750  
    3271	758.844  
    3272	755.812  
    3273	754.344  
    3274	754.531  
    3275	754.469  
    3276	755.437  
    3277	755.000  
    3278	763.000  
    3279	757.906  
    3280	773.125  
    3281	767.219  
    3282	761.250  
    3283	755.594  
    3284	757.812  
    3285	759.969  
    3286	765.062  
    3287	766.969  
    3288	767.375  
    3289	762.969  
    3290	757.937  
    3291	752.937  
    3292	750.312  
    3293	748.687  
    3294	747.875  
    3295	748.000  
    3296	747.844  
    3297	746.750  
    3298	752.937  
    3299	748.812  
    3300	763.062  
    3301	757.594  
    3302	751.844  
    3303	746.281  
    3304	749.344  
    3305	751.000  
    3306	755.781  
    3307	758.562  
    3308	757.281  
    3309	754.094  
    3310	749.125  
    3311	744.000  
    3312	739.969  
    3313	737.594  
    3314	737.625  
    3315	737.156  
    3316	736.969  
    3317	736.562  
    3318	742.844  
    3319	738.031  
    3320	753.031  
    3321	748.187  
    3322	742.875  
    3323	737.500  
    3324	741.500  
    3325	743.281  
    3326	748.656  
    3327	751.969  
    3328	751.937  
    3329	748.250  
    3330	743.375  
    3331	739.344  
    3332	736.906  
    3333	735.687  
    3334	736.469  
    3335	737.781  
    3336	738.625  
    3337	737.875  
    3338	744.500  
    3339	741.156  
    3340	757.187  
    3341	752.500  
    3342	747.125  
    3343	741.375  
    3344	745.031  
    3345	748.406  
    3346	755.156  
    3347	757.937  
    3348	758.375  
    3349	754.531  
    3350	750.250  
    3351	746.937  
    3352	744.250  
    3353	743.187  
    3354	742.875  
    3355	743.094  
    3356	744.156  
    3357	744.844  
    3358	752.375  
    3359	748.031  
    3360	763.219  
    3361	758.969  
    3362	754.250  
    3363	748.906  
    3364	753.625  
    3365	755.906  
    3366	762.125  
    3367	765.375  
    3368	766.094  
    3369	763.906  
    3370	760.625  
    3371	757.219  
    3372	754.344  
    3373	753.094  
    3374	753.344  
    3375	753.875  
    3376	754.781  
    3377	753.750  
    3378	760.281  
    3379	756.437  
    3380	772.500  
    3381	767.469  
    3382	761.469  
    3383	756.875  
    3384	760.937  
    3385	763.812  
    3386	770.156  
    3387	773.906  
    3388	775.031  
    3389	772.000  
    3390	769.562  
    3391	765.594  
    3392	763.000  
    3393	761.875  
    3394	761.844  
    3395	761.062  
    3396	760.344  
    3397	759.719  
    3398	766.781  
    3399	763.344  
    3400	779.375  
    3401	773.906  
    3402	768.344  
    3403	762.969  
    3404	766.594  
    3405	769.312  
    3406	776.094  
    3407	778.719  
    3408	777.469  
    3409	774.219  
    3410	769.344  
    3411	765.875  
    3412	761.937  
    3413	758.531  
    3414	756.875  
    3415	757.000  
    3416	756.219  
    3417	755.125  
    3418	761.062  
    3419	755.656  
    3420	772.250  
    3421	767.469  
    3422	763.125  
    3423	755.625  
    3424	757.531  
    3425	759.062  
    3426	763.875  
    3427	767.500  
    3428	767.531  
    3429	764.375  
    3430	760.125  
    3431	754.750  
    3432	749.562  
    3433	747.312  
    3434	746.750  
    3435	746.125  
    3436	745.687  
    3437	744.406  
    3438	749.687  
    3439	745.281  
    3440	761.562  
    3441	757.281  
    3442	751.625  
    3443	745.312  
    3444	749.156  
    3445	751.312  
    3446	755.094  
    3447	756.719  
    3448	755.500  
    3449	752.875  
    3450	748.594  
    3451	743.906  
    3452	740.906  
    3453	739.312  
    3454	738.750  
    3455	737.625  
    3456	737.000  
    3457	735.594  
    3458	742.969  
    3459	739.937  
    3460	755.156  
    3461	750.125  
    3462	743.500  
    3463	738.844  
    3464	741.469  
    3465	743.000  
    3466	746.812  
    3467	751.250  
    3468	750.281  
    3469	747.906  
    3470	743.281  
    3471	737.906  
    3472	735.594  
    3473	734.312  
    3474	734.125  
    3475	732.812  
    3476	733.375  
    3477	733.406  
    3478	740.437  
    3479	736.062  
    3480	751.000  
    3481	746.562  
    3482	740.437  
    3483	734.781  
    3484	738.469  
    3485	740.750  
    3486	746.437  
    3487	751.156  
    3488	750.281  
    3489	747.437  
    3490	743.500  
    3491	739.562  
    3492	737.125  
    3493	736.844  
    3494	735.719  
    3495	736.062  
    3496	735.906  
    3497	734.656  
    3498	742.250  
    3499	738.219  
    3500	753.656  
    3501	749.500  
    3502	743.531  
    3503	737.906  
    3504	740.594  
    3505	744.312  
    3506	749.344  
    3507	752.375  
    3508	753.094  
    3509	750.687  
    3510	745.500  
    3511	741.937  
    3512	739.844  
    3513	738.187  
    3514	738.656  
    3515	740.250  
    3516	742.250  
    3517	741.437  
    3518	747.937  
    3519	744.906  
    3520	759.469  
    3521	756.375  
    3522	751.500  
    3523	744.812  
    3524	747.469  
    3525	749.750  
    3526	756.062  
    3527	758.969  
    3528	758.969  
    3529	756.469  
    3530	752.031  
    3531	748.562  
    3532	745.812  
    3533	745.969  
    3534	746.187  
    3535	746.687  
    3536	747.000  
    3537	746.781  
    3538	753.281  
    3539	749.375  
    3540	765.500  
    3541	759.969  
    3542	753.937  
    3543	748.125  
    3544	751.531  
    3545	753.719  
    3546	759.375  
    3547	761.875  
    3548	762.031  
    3549	758.875  
    3550	753.875  
    3551	748.531  
    3552	746.531  
    3553	745.250  
    3554	744.437  
    3555	744.406  
    3556	744.000  
    3557	742.781  
    3558	749.844  
    3559	745.562  
    3560	760.844  
    3561	757.437  
    3562	751.406  
    3563	744.937  
    3564	749.469  
    3565	751.812  
    3566	755.969  
    3567	759.500  
    3568	759.375  
    3569	754.812  
    3570	748.625  
    3571	742.719  
    3572	740.187  
    3573	737.906  
    3574	736.656  
    3575	736.594  
    3576	735.750  
    3577	733.781  
    3578	739.875  
    3579	735.906  
    3580	750.969  
    3581	747.031  
    3582	741.719  
    3583	736.062  
    3584	738.969  
    3585	740.281  
    3586	746.469  
    3587	748.937  
    3588	748.437  
    3589	744.187  
    3590	738.656  
    3591	734.281  
    3592	731.406  
    3593	729.375  
    3594	728.969  
    3595	728.656  
    3596	728.406  
    3597	727.125  
    3598	734.594  
    3599	731.344  
    3600	746.969  
    3601	742.937  
    3602	737.156  
    3603	731.000  
    3604	734.312  
    3605	735.344  
    3606	740.156  
    3607	743.781  
    3608	743.312  
    3609	739.437  
    3610	734.625  
    3611	731.281  
    3612	728.625  
    3613	727.656  
    3614	726.844  
    3615	726.406  
    3616	726.062  
    3617	725.219  
    3618	732.375  
    3619	728.750  
    3620	743.531  
    3621	739.062  
    3622	734.094  
    3623	728.812  
    3624	732.125  
    3625	734.781  
    3626	739.594  
    3627	742.312  
    3628	741.937  
    3629	738.750  
    3630	734.437  
    3631	731.594  
    3632	729.156  
    3633	728.250  
    3634	727.937  
    3635	727.000  
    3636	728.500  
    3637	728.125  
    3638	735.375  
    3639	731.594  
    3640	745.844  
    3641	742.031  
    3642	737.625  
    3643	732.562  
    3644	735.656  
    3645	738.312  
    3646	744.062  
    3647	747.281  
#  ***END
