#  JIO#
#  Name of dataset:	
#  Generating program:	Fresn-Main-AD2-v1.vi
#  Saved on file:	16-6-2025	10:00
#  Total number of sections:	1
#  ***SECTION	Dataset
#  *FREE
#  Model: CCD-S3600-D(-UV)
#  Hardware Revision: A1.00
#  Firmware Revision: A1.10
#  Serial Number:   015035288C33EBB5
#  type apertuur:
#  *PARA
#  n			aantal spleten 
#  a		mm	afstand tussen spleten 
#  b		mm	breedte spleten
#  l		m	Golflengte 
#  d	0	m	afstand puntbron tot apertuur
#  lB		m	afstand bronlens tot apertuur
#  fB		m	brandpuntsafstand bronlens
#  s	0	m	afstand apertuur tot scherm 
#  lS	 	m	afstand  apertuur tot schermlens 
#  fS		m	brandpuntsafstand schermlens 
#  p	8	um	Sensor Pixel Pitch
#  U	2.30	V	Voltage_Laserdiode
#  T	10	us	Integration Time
#  n	10		Scans per Acquisition
#  HwC	Off		Hardware Dark Correction
#  *DATA	3648	rows	2	columns
#  Index   	Averages
       0	440.300  
       1	439.800  
       2	438.400  
       3	434.700  
       4	437.700  
       5	439.800  
       6	442.700  
       7	443.500  
       8	451.000  
       9	442.300  
      10	442.000  
      11	441.200  
      12	440.000  
      13	435.300  
      14	437.300  
      15	439.300  
      16	442.600  
      17	443.100  
      18	449.800  
      19	442.100  
      20	441.400  
      21	439.900  
      22	439.200  
      23	434.900  
      24	437.500  
      25	440.000  
      26	442.700  
      27	442.700  
      28	449.500  
      29	442.000  
      30	440.700  
      31	440.500  
      32	439.400  
      33	434.700  
      34	436.900  
      35	439.700  
      36	442.300  
      37	442.300  
      38	449.700  
      39	442.000  
      40	441.800  
      41	440.400  
      42	439.600  
      43	434.500  
      44	437.900  
      45	440.100  
      46	442.700  
      47	442.900  
      48	449.500  
      49	442.400  
      50	441.900  
      51	441.100  
      52	439.600  
      53	435.300  
      54	438.000  
      55	439.800  
      56	442.400  
      57	443.000  
      58	449.600  
      59	442.100  
      60	441.700  
      61	441.100  
      62	439.600  
      63	435.700  
      64	438.000  
      65	440.700  
      66	442.700  
      67	442.800  
      68	449.400  
      69	441.800  
      70	440.700  
      71	440.400  
      72	439.600  
      73	434.800  
      74	437.100  
      75	439.400  
      76	441.900  
      77	442.200  
      78	449.500  
      79	441.600  
      80	441.000  
      81	439.700  
      82	438.900  
      83	435.000  
      84	436.800  
      85	439.400  
      86	442.200  
      87	442.400  
      88	448.800  
      89	441.700  
      90	441.500  
      91	440.900  
      92	439.600  
      93	435.100  
      94	437.400  
      95	439.800  
      96	442.600  
      97	443.400  
      98	449.900  
      99	441.900  
     100	441.300  
     101	440.700  
     102	439.600  
     103	435.100  
     104	438.000  
     105	440.700  
     106	442.000  
     107	443.400  
     108	450.400  
     109	442.300  
     110	441.600  
     111	441.100  
     112	440.300  
     113	435.500  
     114	438.200  
     115	440.100  
     116	443.100  
     117	443.200  
     118	450.400  
     119	442.200  
     120	441.800  
     121	441.600  
     122	440.100  
     123	435.600  
     124	438.300  
     125	441.200  
     126	443.000  
     127	443.600  
     128	450.600  
     129	443.100  
     130	442.400  
     131	441.700  
     132	440.500  
     133	435.300  
     134	437.400  
     135	440.200  
     136	442.600  
     137	443.200  
     138	450.200  
     139	442.500  
     140	441.400  
     141	441.400  
     142	440.100  
     143	435.700  
     144	437.800  
     145	440.200  
     146	442.600  
     147	443.600  
     148	450.000  
     149	441.700  
     150	441.300  
     151	440.200  
     152	439.000  
     153	435.000  
     154	437.400  
     155	439.200  
     156	441.600  
     157	442.400  
     158	449.900  
     159	441.800  
     160	441.100  
     161	440.300  
     162	439.100  
     163	435.300  
     164	437.400  
     165	439.800  
     166	443.200  
     167	443.000  
     168	449.700  
     169	441.500  
     170	441.300  
     171	440.000  
     172	439.100  
     173	435.200  
     174	437.400  
     175	439.900  
     176	442.400  
     177	442.800  
     178	449.700  
     179	441.700  
     180	441.400  
     181	440.400  
     182	439.800  
     183	435.000  
     184	437.400  
     185	440.400  
     186	442.500  
     187	443.100  
     188	450.200  
     189	442.400  
     190	441.800  
     191	441.200  
     192	440.200  
     193	435.600  
     194	437.300  
     195	439.400  
     196	442.600  
     197	442.800  
     198	450.100  
     199	442.400  
     200	441.400  
     201	441.400  
     202	439.900  
     203	435.600  
     204	437.800  
     205	439.800  
     206	443.000  
     207	443.000  
     208	449.800  
     209	441.700  
     210	441.200  
     211	440.200  
     212	438.900  
     213	435.000  
     214	437.400  
     215	440.000  
     216	442.000  
     217	443.000  
     218	449.900  
     219	442.000  
     220	442.300  
     221	441.700  
     222	440.400  
     223	435.900  
     224	438.500  
     225	440.400  
     226	442.800  
     227	443.300  
     228	450.600  
     229	442.700  
     230	441.800  
     231	441.800  
     232	439.900  
     233	435.200  
     234	437.900  
     235	440.300  
     236	442.700  
     237	443.400  
     238	450.400  
     239	442.300  
     240	441.500  
     241	441.300  
     242	439.400  
     243	435.200  
     244	438.000  
     245	440.500  
     246	443.300  
     247	444.100  
     248	450.700  
     249	442.000  
     250	441.800  
     251	441.400  
     252	439.800  
     253	435.200  
     254	437.500  
     255	440.500  
     256	442.300  
     257	443.600  
     258	450.200  
     259	442.200  
     260	441.800  
     261	440.900  
     262	440.400  
     263	435.500  
     264	437.900  
     265	440.600  
     266	442.900  
     267	443.200  
     268	450.000  
     269	442.500  
     270	441.600  
     271	440.900  
     272	439.700  
     273	435.300  
     274	438.100  
     275	439.900  
     276	441.600  
     277	442.700  
     278	449.000  
     279	441.700  
     280	441.600  
     281	440.600  
     282	439.100  
     283	435.700  
     284	437.500  
     285	439.800  
     286	441.900  
     287	442.500  
     288	449.400  
     289	441.400  
     290	441.900  
     291	440.500  
     292	439.400  
     293	434.900  
     294	437.500  
     295	440.100  
     296	442.300  
     297	442.900  
     298	449.600  
     299	442.000  
     300	441.400  
     301	440.600  
     302	439.300  
     303	435.100  
     304	437.600  
     305	440.000  
     306	443.300  
     307	443.400  
     308	450.900  
     309	442.300  
     310	441.900  
     311	440.900  
     312	439.600  
     313	435.300  
     314	438.100  
     315	440.400  
     316	442.900  
     317	443.100  
     318	450.200  
     319	442.400  
     320	442.100  
     321	441.200  
     322	440.800  
     323	436.000  
     324	438.300  
     325	440.800  
     326	442.900  
     327	443.300  
     328	450.300  
     329	442.300  
     330	442.100  
     331	441.500  
     332	440.900  
     333	435.700  
     334	438.500  
     335	440.500  
     336	443.400  
     337	444.100  
     338	450.600  
     339	442.900  
     340	442.300  
     341	441.700  
     342	439.700  
     343	435.400  
     344	437.700  
     345	440.700  
     346	443.000  
     347	443.300  
     348	450.500  
     349	442.800  
     350	442.600  
     351	441.800  
     352	440.400  
     353	436.000  
     354	438.100  
     355	440.400  
     356	443.200  
     357	443.500  
     358	449.800  
     359	442.400  
     360	442.300  
     361	441.500  
     362	440.200  
     363	435.600  
     364	438.300  
     365	440.400  
     366	442.700  
     367	443.100  
     368	450.400  
     369	442.200  
     370	442.600  
     371	441.200  
     372	440.200  
     373	436.000  
     374	438.200  
     375	440.300  
     376	443.200  
     377	443.900  
     378	450.300  
     379	442.100  
     380	441.800  
     381	440.900  
     382	439.900  
     383	435.100  
     384	437.700  
     385	440.800  
     386	443.400  
     387	443.400  
     388	449.900  
     389	441.900  
     390	441.600  
     391	441.000  
     392	439.100  
     393	435.000  
     394	437.900  
     395	440.200  
     396	442.800  
     397	442.700  
     398	449.900  
     399	442.200  
     400	441.600  
     401	440.700  
     402	439.300  
     403	435.100  
     404	437.500  
     405	439.800  
     406	442.700  
     407	442.100  
     408	449.700  
     409	442.100  
     410	442.300  
     411	441.100  
     412	440.000  
     413	435.800  
     414	438.000  
     415	440.400  
     416	442.700  
     417	443.400  
     418	450.000  
     419	442.200  
     420	442.200  
     421	440.300  
     422	439.300  
     423	435.600  
     424	437.800  
     425	439.800  
     426	443.100  
     427	443.300  
     428	450.600  
     429	442.300  
     430	442.500  
     431	441.500  
     432	439.600  
     433	435.700  
     434	438.200  
     435	440.200  
     436	443.400  
     437	443.600  
     438	450.300  
     439	442.500  
     440	442.400  
     441	442.200  
     442	440.700  
     443	436.000  
     444	438.500  
     445	441.400  
     446	443.400  
     447	443.900  
     448	450.200  
     449	442.900  
     450	442.300  
     451	441.700  
     452	441.300  
     453	436.800  
     454	439.400  
     455	440.700  
     456	443.800  
     457	444.100  
     458	450.700  
     459	442.800  
     460	442.500  
     461	442.000  
     462	440.800  
     463	436.000  
     464	438.900  
     465	440.400  
     466	443.400  
     467	444.300  
     468	450.400  
     469	442.400  
     470	443.200  
     471	441.600  
     472	440.500  
     473	436.300  
     474	439.000  
     475	440.500  
     476	443.800  
     477	443.800  
     478	450.500  
     479	442.700  
     480	442.100  
     481	441.700  
     482	440.200  
     483	435.700  
     484	438.100  
     485	440.500  
     486	442.500  
     487	443.100  
     488	450.100  
     489	442.200  
     490	442.100  
     491	441.100  
     492	440.000  
     493	435.500  
     494	438.100  
     495	440.400  
     496	443.200  
     497	443.800  
     498	450.100  
     499	442.200  
     500	442.400  
     501	440.800  
     502	440.100  
     503	435.400  
     504	438.200  
     505	440.700  
     506	443.200  
     507	443.900  
     508	450.500  
     509	442.400  
     510	442.000  
     511	441.200  
     512	440.100  
     513	435.800  
     514	438.400  
     515	440.200  
     516	442.600  
     517	442.800  
     518	449.600  
     519	442.300  
     520	441.400  
     521	440.700  
     522	439.100  
     523	435.500  
     524	437.700  
     525	440.200  
     526	442.700  
     527	443.400  
     528	450.100  
     529	442.600  
     530	442.300  
     531	441.800  
     532	440.300  
     533	436.600  
     534	439.100  
     535	441.100  
     536	444.200  
     537	444.600  
     538	451.500  
     539	443.700  
     540	442.800  
     541	442.100  
     542	441.400  
     543	436.900  
     544	439.700  
     545	441.000  
     546	444.100  
     547	444.600  
     548	451.400  
     549	443.600  
     550	443.700  
     551	442.500  
     552	441.900  
     553	437.200  
     554	439.400  
     555	441.500  
     556	443.800  
     557	444.800  
     558	451.700  
     559	443.600  
     560	443.600  
     561	442.900  
     562	442.400  
     563	438.000  
     564	439.900  
     565	441.300  
     566	444.300  
     567	445.100  
     568	451.800  
     569	443.900  
     570	443.600  
     571	442.900  
     572	442.400  
     573	437.700  
     574	440.300  
     575	441.100  
     576	444.200  
     577	444.300  
     578	451.500  
     579	443.300  
     580	443.100  
     581	443.000  
     582	441.600  
     583	436.900  
     584	439.300  
     585	441.300  
     586	443.500  
     587	444.200  
     588	451.000  
     589	443.700  
     590	443.600  
     591	442.400  
     592	441.200  
     593	436.600  
     594	439.600  
     595	441.100  
     596	443.600  
     597	443.900  
     598	451.400  
     599	443.100  
     600	442.200  
     601	441.600  
     602	440.500  
     603	435.600  
     604	437.800  
     605	440.600  
     606	443.200  
     607	443.100  
     608	449.900  
     609	442.300  
     610	441.900  
     611	441.500  
     612	440.100  
     613	436.000  
     614	438.600  
     615	440.500  
     616	442.800  
     617	444.100  
     618	449.800  
     619	442.700  
     620	442.200  
     621	441.200  
     622	440.000  
     623	435.800  
     624	438.200  
     625	440.400  
     626	443.000  
     627	442.800  
     628	450.200  
     629	442.900  
     630	443.100  
     631	441.400  
     632	440.800  
     633	435.800  
     634	438.600  
     635	440.500  
     636	443.200  
     637	443.800  
     638	450.700  
     639	443.400  
     640	442.700  
     641	442.800  
     642	441.800  
     643	436.600  
     644	439.100  
     645	441.300  
     646	444.000  
     647	444.300  
     648	451.300  
     649	443.500  
     650	443.600  
     651	442.600  
     652	441.700  
     653	436.500  
     654	439.300  
     655	441.100  
     656	444.400  
     657	444.700  
     658	451.700  
     659	443.700  
     660	443.800  
     661	443.100  
     662	441.900  
     663	437.500  
     664	440.300  
     665	442.100  
     666	444.500  
     667	445.600  
     668	452.300  
     669	445.300  
     670	444.500  
     671	443.600  
     672	442.600  
     673	437.800  
     674	440.400  
     675	441.500  
     676	444.500  
     677	445.300  
     678	451.700  
     679	444.600  
     680	444.000  
     681	443.200  
     682	443.200  
     683	438.600  
     684	440.600  
     685	442.300  
     686	444.400  
     687	445.400  
     688	451.800  
     689	444.100  
     690	443.700  
     691	443.100  
     692	441.800  
     693	436.900  
     694	439.900  
     695	441.300  
     696	443.900  
     697	445.200  
     698	451.800  
     699	443.900  
     700	443.100  
     701	442.200  
     702	440.300  
     703	436.400  
     704	439.000  
     705	440.600  
     706	442.900  
     707	443.400  
     708	450.300  
     709	443.200  
     710	442.700  
     711	441.500  
     712	440.700  
     713	436.400  
     714	439.000  
     715	440.700  
     716	443.000  
     717	444.000  
     718	451.000  
     719	442.900  
     720	442.400  
     721	441.900  
     722	440.400  
     723	436.200  
     724	439.100  
     725	440.100  
     726	442.800  
     727	444.200  
     728	450.900  
     729	443.000  
     730	442.800  
     731	441.200  
     732	440.600  
     733	435.800  
     734	438.600  
     735	440.300  
     736	442.800  
     737	444.000  
     738	450.700  
     739	442.600  
     740	442.600  
     741	441.900  
     742	440.700  
     743	436.700  
     744	438.400  
     745	440.600  
     746	443.600  
     747	444.000  
     748	450.700  
     749	443.200  
     750	442.500  
     751	442.400  
     752	440.800  
     753	436.000  
     754	438.800  
     755	440.700  
     756	443.300  
     757	444.800  
     758	452.100  
     759	443.700  
     760	443.300  
     761	442.900  
     762	441.500  
     763	438.100  
     764	439.800  
     765	441.700  
     766	444.900  
     767	445.000  
     768	452.300  
     769	445.000  
     770	444.500  
     771	443.900  
     772	442.700  
     773	438.500  
     774	440.300  
     775	442.600  
     776	444.800  
     777	446.100  
     778	452.900  
     779	445.000  
     780	444.900  
     781	444.500  
     782	443.300  
     783	439.600  
     784	441.200  
     785	443.100  
     786	446.000  
     787	446.400  
     788	453.800  
     789	446.000  
     790	445.500  
     791	444.900  
     792	443.400  
     793	438.000  
     794	440.900  
     795	442.100  
     796	445.100  
     797	445.700  
     798	452.300  
     799	445.100  
     800	445.300  
     801	443.900  
     802	443.400  
     803	438.900  
     804	440.700  
     805	442.400  
     806	444.500  
     807	445.600  
     808	452.300  
     809	444.000  
     810	444.300  
     811	443.900  
     812	442.200  
     813	437.600  
     814	439.500  
     815	441.200  
     816	443.600  
     817	444.600  
     818	451.400  
     819	443.500  
     820	442.700  
     821	441.700  
     822	441.000  
     823	436.100  
     824	438.900  
     825	440.100  
     826	443.500  
     827	444.000  
     828	450.800  
     829	443.300  
     830	442.600  
     831	441.800  
     832	440.700  
     833	435.600  
     834	438.500  
     835	440.800  
     836	443.100  
     837	443.800  
     838	450.900  
     839	442.600  
     840	443.100  
     841	441.500  
     842	440.400  
     843	435.900  
     844	438.500  
     845	441.000  
     846	443.400  
     847	444.000  
     848	451.000  
     849	443.200  
     850	442.800  
     851	442.000  
     852	440.500  
     853	436.900  
     854	439.100  
     855	441.000  
     856	444.100  
     857	444.700  
     858	451.700  
     859	443.500  
     860	443.300  
     861	443.100  
     862	441.900  
     863	438.000  
     864	439.600  
     865	441.800  
     866	444.600  
     867	445.400  
     868	452.700  
     869	445.100  
     870	444.600  
     871	444.400  
     872	443.300  
     873	438.400  
     874	441.500  
     875	442.400  
     876	445.800  
     877	446.100  
     878	453.800  
     879	446.400  
     880	445.500  
     881	445.300  
     882	444.000  
     883	440.300  
     884	441.700  
     885	443.500  
     886	446.100  
     887	447.100  
     888	454.700  
     889	446.800  
     890	447.200  
     891	446.500  
     892	445.700  
     893	441.700  
     894	443.700  
     895	445.600  
     896	447.900  
     897	448.800  
     898	455.400  
     899	447.200  
     900	446.800  
     901	446.700  
     902	445.800  
     903	441.700  
     904	443.300  
     905	444.500  
     906	447.000  
     907	447.400  
     908	453.900  
     909	446.100  
     910	446.000  
     911	445.300  
     912	444.200  
     913	439.800  
     914	441.600  
     915	442.700  
     916	445.800  
     917	445.900  
     918	453.200  
     919	445.500  
     920	444.900  
     921	444.300  
     922	442.900  
     923	438.200  
     924	440.400  
     925	442.500  
     926	444.400  
     927	445.400  
     928	452.000  
     929	444.200  
     930	443.800  
     931	443.600  
     932	441.500  
     933	437.500  
     934	440.300  
     935	441.000  
     936	444.100  
     937	444.700  
     938	452.000  
     939	443.200  
     940	444.000  
     941	442.400  
     942	441.100  
     943	436.700  
     944	439.400  
     945	441.100  
     946	442.900  
     947	444.300  
     948	450.700  
     949	443.600  
     950	442.900  
     951	442.100  
     952	441.200  
     953	436.400  
     954	438.700  
     955	441.400  
     956	443.700  
     957	444.500  
     958	451.200  
     959	443.200  
     960	444.100  
     961	442.700  
     962	441.900  
     963	437.400  
     964	440.500  
     965	441.500  
     966	444.200  
     967	445.300  
     968	451.600  
     969	444.400  
     970	443.800  
     971	443.400  
     972	442.400  
     973	438.200  
     974	440.100  
     975	442.500  
     976	445.500  
     977	446.000  
     978	453.100  
     979	445.500  
     980	445.700  
     981	445.700  
     982	445.400  
     983	440.200  
     984	442.000  
     985	443.300  
     986	446.500  
     987	447.500  
     988	454.400  
     989	447.300  
     990	447.000  
     991	446.400  
     992	447.500  
     993	441.700  
     994	444.300  
     995	445.900  
     996	450.000  
     997	450.400  
     998	457.400  
     999	450.000  
    1000	450.500  
    1001	449.400  
    1002	448.800  
    1003	444.800  
    1004	447.200  
    1005	448.900  
    1006	451.100  
    1007	451.700  
    1008	458.800  
    1009	450.100  
    1010	451.100  
    1011	450.300  
    1012	449.900  
    1013	445.600  
    1014	447.500  
    1015	449.000  
    1016	451.700  
    1017	452.100  
    1018	458.600  
    1019	449.800  
    1020	450.300  
    1021	449.700  
    1022	448.400  
    1023	443.500  
    1024	445.200  
    1025	446.500  
    1026	449.100  
    1027	449.300  
    1028	455.200  
    1029	448.100  
    1030	447.300  
    1031	446.900  
    1032	444.800  
    1033	440.100  
    1034	441.900  
    1035	443.200  
    1036	446.600  
    1037	446.700  
    1038	452.700  
    1039	445.500  
    1040	444.900  
    1041	444.300  
    1042	442.400  
    1043	437.700  
    1044	440.100  
    1045	442.000  
    1046	444.700  
    1047	445.200  
    1048	452.300  
    1049	444.400  
    1050	443.600  
    1051	442.900  
    1052	441.800  
    1053	437.100  
    1054	439.600  
    1055	440.700  
    1056	443.600  
    1057	444.100  
    1058	451.100  
    1059	443.300  
    1060	443.000  
    1061	441.700  
    1062	441.100  
    1063	436.100  
    1064	440.100  
    1065	441.500  
    1066	444.600  
    1067	444.700  
    1068	451.100  
    1069	443.900  
    1070	443.000  
    1071	442.800  
    1072	442.500  
    1073	437.700  
    1074	440.900  
    1075	442.500  
    1076	445.600  
    1077	446.100  
    1078	453.200  
    1079	445.700  
    1080	445.200  
    1081	444.900  
    1082	444.000  
    1083	439.800  
    1084	442.100  
    1085	444.300  
    1086	447.600  
    1087	447.600  
    1088	455.800  
    1089	448.100  
    1090	448.600  
    1091	448.800  
    1092	448.700  
    1093	443.800  
    1094	446.100  
    1095	448.500  
    1096	452.000  
    1097	452.200  
    1098	460.400  
    1099	452.500  
    1100	453.000  
    1101	453.300  
    1102	452.800  
    1103	448.600  
    1104	451.100  
    1105	452.400  
    1106	455.300  
    1107	456.100  
    1108	463.600  
    1109	456.000  
    1110	457.800  
    1111	459.100  
    1112	457.300  
    1113	452.900  
    1114	454.900  
    1115	457.000  
    1116	460.100  
    1117	460.700  
    1118	468.300  
    1119	460.200  
    1120	461.700  
    1121	461.900  
    1122	461.000  
    1123	456.100  
    1124	456.600  
    1125	458.100  
    1126	460.600  
    1127	461.400  
    1128	468.900  
    1129	461.200  
    1130	462.300  
    1131	460.800  
    1132	459.300  
    1133	453.400  
    1134	455.400  
    1135	456.500  
    1136	458.700  
    1137	458.100  
    1138	464.800  
    1139	455.900  
    1140	455.700  
    1141	455.100  
    1142	453.300  
    1143	448.100  
    1144	449.900  
    1145	450.800  
    1146	452.100  
    1147	451.900  
    1148	458.800  
    1149	449.700  
    1150	449.100  
    1151	448.100  
    1152	446.800  
    1153	442.300  
    1154	442.500  
    1155	444.300  
    1156	446.700  
    1157	447.000  
    1158	454.000  
    1159	445.900  
    1160	445.600  
    1161	444.700  
    1162	443.400  
    1163	438.500  
    1164	440.200  
    1165	441.900  
    1166	445.000  
    1167	445.000  
    1168	452.300  
    1169	444.700  
    1170	444.400  
    1171	443.300  
    1172	442.500  
    1173	437.200  
    1174	440.300  
    1175	442.000  
    1176	445.200  
    1177	446.100  
    1178	452.800  
    1179	445.000  
    1180	445.200  
    1181	445.000  
    1182	444.100  
    1183	439.600  
    1184	441.600  
    1185	443.500  
    1186	446.900  
    1187	447.600  
    1188	454.500  
    1189	447.500  
    1190	448.000  
    1191	447.800  
    1192	448.500  
    1193	444.400  
    1194	446.200  
    1195	448.700  
    1196	451.500  
    1197	452.400  
    1198	460.300  
    1199	453.000  
    1200	453.800  
    1201	454.900  
    1202	454.300  
    1203	450.600  
    1204	453.800  
    1205	456.100  
    1206	459.700  
    1207	461.000  
    1208	469.200  
    1209	463.000  
    1210	467.800  
    1211	468.600  
    1212	468.200  
    1213	463.200  
    1214	466.100  
    1215	467.600  
    1216	471.000  
    1217	475.000  
    1218	485.500  
    1219	481.700  
    1220	491.000  
    1221	493.100  
    1222	492.500  
    1223	488.100  
    1224	490.800  
    1225	493.900  
    1226	500.800  
    1227	507.200  
    1228	520.100  
    1229	516.500  
    1230	527.200  
    1231	524.500  
    1232	519.200  
    1233	512.500  
    1234	511.800  
    1235	510.900  
    1236	513.600  
    1237	516.500  
    1238	526.800  
    1239	519.900  
    1240	528.600  
    1241	524.000  
    1242	514.700  
    1243	502.900  
    1244	499.200  
    1245	497.800  
    1246	498.900  
    1247	500.900  
    1248	508.700  
    1249	500.800  
    1250	505.900  
    1251	502.000  
    1252	492.800  
    1253	482.400  
    1254	479.200  
    1255	478.500  
    1256	479.100  
    1257	478.500  
    1258	485.100  
    1259	476.700  
    1260	477.300  
    1261	474.000  
    1262	469.800  
    1263	462.500  
    1264	462.100  
    1265	462.000  
    1266	463.300  
    1267	463.200  
    1268	468.200  
    1269	459.300  
    1270	459.100  
    1271	457.700  
    1272	455.700  
    1273	450.400  
    1274	452.400  
    1275	453.700  
    1276	455.300  
    1277	454.700  
    1278	460.300  
    1279	451.500  
    1280	452.000  
    1281	451.700  
    1282	449.900  
    1283	444.600  
    1284	447.200  
    1285	448.900  
    1286	451.400  
    1287	451.700  
    1288	459.400  
    1289	451.300  
    1290	451.800  
    1291	452.400  
    1292	451.800  
    1293	447.900  
    1294	450.800  
    1295	453.200  
    1296	455.900  
    1297	456.800  
    1298	465.500  
    1299	458.300  
    1300	461.500  
    1301	463.300  
    1302	463.400  
    1303	460.500  
    1304	465.200  
    1305	468.900  
    1306	475.400  
    1307	481.100  
    1308	494.500  
    1309	493.600  
    1310	508.600  
    1311	513.300  
    1312	516.100  
    1313	515.400  
    1314	521.900  
    1315	528.900  
    1316	539.200  
    1317	550.900  
    1318	567.500  
    1319	567.700  
    1320	581.500  
    1321	583.500  
    1322	583.200  
    1323	579.800  
    1324	584.400  
    1325	586.800  
    1326	595.200  
    1327	604.200  
    1328	615.200  
    1329	613.900  
    1330	625.600  
    1331	623.500  
    1332	619.900  
    1333	614.700  
    1334	618.000  
    1335	620.100  
    1336	625.900  
    1337	630.100  
    1338	638.600  
    1339	633.400  
    1340	641.700  
    1341	634.900  
    1342	628.900  
    1343	619.700  
    1344	619.800  
    1345	619.100  
    1346	621.600  
    1347	623.000  
    1348	628.700  
    1349	618.900  
    1350	623.400  
    1351	615.000  
    1352	607.400  
    1353	595.800  
    1354	592.700  
    1355	589.700  
    1356	589.300  
    1357	587.100  
    1358	592.500  
    1359	580.100  
    1360	582.500  
    1361	572.900  
    1362	560.100  
    1363	545.300  
    1364	537.900  
    1365	530.600  
    1366	526.600  
    1367	525.000  
    1368	527.500  
    1369	514.300  
    1370	517.200  
    1371	508.500  
    1372	497.500  
    1373	485.000  
    1374	480.700  
    1375	477.500  
    1376	476.400  
    1377	473.700  
    1378	478.800  
    1379	469.800  
    1380	469.900  
    1381	466.900  
    1382	462.800  
    1383	456.100  
    1384	456.200  
    1385	456.700  
    1386	457.600  
    1387	456.400  
    1388	462.900  
    1389	453.900  
    1390	453.700  
    1391	452.700  
    1392	451.200  
    1393	446.100  
    1394	447.800  
    1395	448.800  
    1396	451.200  
    1397	451.100  
    1398	458.700  
    1399	450.300  
    1400	451.100  
    1401	451.000  
    1402	450.700  
    1403	446.500  
    1404	449.200  
    1405	451.400  
    1406	455.100  
    1407	456.900  
    1408	465.300  
    1409	458.500  
    1410	463.700  
    1411	465.300  
    1412	466.700  
    1413	464.600  
    1414	470.600  
    1415	474.800  
    1416	484.000  
    1417	495.500  
    1418	514.300  
    1419	519.100  
    1420	539.500  
    1421	549.400  
    1422	552.500  
    1423	552.500  
    1424	561.700  
    1425	569.800  
    1426	583.400  
    1427	596.100  
    1428	614.400  
    1429	618.800  
    1430	634.200  
    1431	638.700  
    1432	641.300  
    1433	641.800  
    1434	649.700  
    1435	658.500  
    1436	671.200  
    1437	684.900  
    1438	701.900  
    1439	706.500  
    1440	725.000  
    1441	724.200  
    1442	719.500  
    1443	717.300  
    1444	723.100  
    1445	725.900  
    1446	733.800  
    1447	740.800  
    1448	752.000  
    1449	745.400  
    1450	758.200  
    1451	750.400  
    1452	742.100  
    1453	735.200  
    1454	734.200  
    1455	733.600  
    1456	740.600  
    1457	744.400  
    1458	751.500  
    1459	738.800  
    1460	745.600  
    1461	731.000  
    1462	715.700  
    1463	701.300  
    1464	695.900  
    1465	690.500  
    1466	688.500  
    1467	685.800  
    1468	687.300  
    1469	674.600  
    1470	675.100  
    1471	662.300  
    1472	647.200  
    1473	632.500  
    1474	627.900  
    1475	622.800  
    1476	618.300  
    1477	612.400  
    1478	613.800  
    1479	601.100  
    1480	601.300  
    1481	588.500  
    1482	574.100  
    1483	558.400  
    1484	548.300  
    1485	539.300  
    1486	534.800  
    1487	530.600  
    1488	531.500  
    1489	517.600  
    1490	516.600  
    1491	507.700  
    1492	497.400  
    1493	484.200  
    1494	479.300  
    1495	475.900  
    1496	476.300  
    1497	475.300  
    1498	481.100  
    1499	472.600  
    1500	474.800  
    1501	473.300  
    1502	469.900  
    1503	463.600  
    1504	464.700  
    1505	466.200  
    1506	469.000  
    1507	471.100  
    1508	480.500  
    1509	476.400  
    1510	483.800  
    1511	485.600  
    1512	485.600  
    1513	482.700  
    1514	487.400  
    1515	492.800  
    1516	504.200  
    1517	519.600  
    1518	541.600  
    1519	547.200  
    1520	569.300  
    1521	576.000  
    1522	581.500  
    1523	585.100  
    1524	596.400  
    1525	609.300  
    1526	626.200  
    1527	642.900  
    1528	664.100  
    1529	673.600  
    1530	697.800  
    1531	707.200  
    1532	715.500  
    1533	721.200  
    1534	739.400  
    1535	761.000  
    1536	787.300  
    1537	811.900  
    1538	844.100  
    1539	863.300  
    1540	899.700  
    1541	904.300  
    1542	910.600  
    1543	920.000  
    1544	940.800  
    1545	961.300  
    1546	993.800  
    1547	1028.700 
    1548	1069.600 
    1549	1094.000 
    1550	1138.200 
    1551	1116.700 
    1552	1107.300 
    1553	1102.100 
    1554	1099.400 
    1555	1102.400 
    1556	1117.600 
    1557	1135.700 
    1558	1139.300 
    1559	1131.600 
    1560	1158.300 
    1561	1127.600 
    1562	1098.000 
    1563	1082.000 
    1564	1073.100 
    1565	1060.800 
    1566	1059.600 
    1567	1052.900 
    1568	1051.500 
    1569	1034.900 
    1570	1047.700 
    1571	1008.300 
    1572	970.300  
    1573	940.800  
    1574	919.700  
    1575	901.700  
    1576	892.800  
    1577	881.500  
    1578	871.400  
    1579	850.000  
    1580	848.100  
    1581	819.400  
    1582	791.800  
    1583	766.800  
    1584	751.700  
    1585	739.100  
    1586	729.100  
    1587	718.500  
    1588	715.600  
    1589	695.800  
    1590	691.000  
    1591	672.200  
    1592	653.000  
    1593	635.200  
    1594	625.100  
    1595	615.000  
    1596	609.800  
    1597	603.800  
    1598	604.500  
    1599	588.400  
    1600	587.700  
    1601	575.700  
    1602	562.100  
    1603	549.100  
    1604	544.000  
    1605	539.100  
    1606	541.300  
    1607	544.700  
    1608	553.700  
    1609	551.100  
    1610	565.700  
    1611	568.600  
    1612	571.200  
    1613	571.500  
    1614	582.500  
    1615	596.400  
    1616	615.700  
    1617	636.100  
    1618	664.000  
    1619	680.000  
    1620	713.000  
    1621	733.100  
    1622	757.600  
    1623	786.800  
    1624	828.100  
    1625	878.500  
    1626	943.400  
    1627	1027.200 
    1628	1123.500 
    1629	1218.900 
    1630	1355.700 
    1631	1431.900 
    1632	1513.600 
    1633	1611.900 
    1634	1703.500 
    1635	1790.500 
    1636	1912.200 
    1637	2034.200 
    1638	2126.400 
    1639	2201.100 
    1640	2332.100 
    1641	2336.100 
    1642	2368.400 
    1643	2454.300 
    1644	2540.600 
    1645	2614.900 
    1646	2704.800 
    1647	2846.700 
    1648	2921.000 
    1649	2962.700 
    1650	2987.700 
    1651	2921.900 
    1652	2961.100 
    1653	3033.200 
    1654	3070.600 
    1655	3189.800 
    1656	3302.300 
    1657	3344.200 
    1658	3374.000 
    1659	3493.500 
    1660	3548.100 
    1661	3415.000 
    1662	3375.600 
    1663	3395.300 
    1664	3390.100 
    1665	3427.500 
    1666	3487.500 
    1667	3511.500 
    1668	3494.400 
    1669	3529.000 
    1670	3516.900 
    1671	3369.100 
    1672	3345.700 
    1673	3373.000 
    1674	3336.500 
    1675	3330.500 
    1676	3345.800 
    1677	3337.300 
    1678	3308.600 
    1679	3316.000 
    1680	3255.800 
    1681	3089.900 
    1682	3023.200 
    1683	3008.100 
    1684	2933.000 
    1685	2880.000 
    1686	2860.400 
    1687	2838.800 
    1688	2787.300 
    1689	2751.200 
    1690	2720.500 
    1691	2537.900 
    1692	2437.100 
    1693	2392.000 
    1694	2326.200 
    1695	2264.700 
    1696	2217.600 
    1697	2162.300 
    1698	2106.400 
    1699	2052.700 
    1700	2008.200 
    1701	1856.700 
    1702	1767.500 
    1703	1715.400 
    1704	1659.700 
    1705	1610.600 
    1706	1588.500 
    1707	1569.900 
    1708	1537.000 
    1709	1490.100 
    1710	1498.200 
    1711	1420.900 
    1712	1373.800 
    1713	1349.600 
    1714	1342.600 
    1715	1344.300 
    1716	1379.100 
    1717	1427.700 
    1718	1477.700 
    1719	1519.300 
    1720	1630.100 
    1721	1646.600 
    1722	1686.300 
    1723	1795.800 
    1724	1927.800 
    1725	2065.700 
    1726	2239.800 
    1727	2448.400 
    1728	2665.100 
    1729	2896.900 
    1730	3136.800 
    1731	3218.300 
    1732	3432.200 
    1733	3724.900 
    1734	3994.400 
    1735	4295.900 
    1736	4665.100 
    1737	5017.800 
    1738	5349.100 
    1739	5766.100 
    1740	6066.600 
    1741	6328.200 
    1742	6790.700 
    1743	7284.800 
    1744	7649.100 
    1745	8100.800 
    1746	8575.900 
    1747	9066.100 
    1748	9612.300 
    1749	10238.800
    1750	10750.600
    1751	11032.600
    1752	11525.400
    1753	12176.900
    1754	12672.700
    1755	13140.600
    1756	13814.500
    1757	14670.400
    1758	15279.100
    1759	16102.700
    1760	16706.900
    1761	17145.800
    1762	17920.000
    1763	18463.400
    1764	19237.000
    1765	20541.700
    1766	21085.700
    1767	21846.900
    1768	23217.800
    1769	23920.600
    1770	24295.200
    1771	24679.800
    1772	25117.100
    1773	25604.000
    1774	25977.700
    1775	26146.200
    1776	26190.100
    1777	26510.800
    1778	27776.700
    1779	29223.700
    1780	30150.400
    1781	31217.900
    1782	32286.500
    1783	32916.400
    1784	33796.000
    1785	35278.500
    1786	37248.200
    1787	39142.000
    1788	40286.300
    1789	40337.900
    1790	39658.700
    1791	39860.900
    1792	41211.500
    1793	42336.600
    1794	42229.600
    1795	43308.300
    1796	44819.700
    1797	44917.100
    1798	45348.200
    1799	45855.600
    1800	46061.600
    1801	46380.800
    1802	46703.000
    1803	47554.100
    1804	48307.300
    1805	49479.600
    1806	50710.500
    1807	50875.400
    1808	50603.600
    1809	51023.400
    1810	51451.400
    1811	51711.400
    1812	51269.100
    1813	51711.000
    1814	52896.000
    1815	52992.800
    1816	52512.300
    1817	52075.200
    1818	51733.300
    1819	51830.700
    1820	52008.600
    1821	52451.200
    1822	53175.900
    1823	52974.900
    1824	52873.300
    1825	52790.400
    1826	52385.700
    1827	52199.500
    1828	51933.600
    1829	51996.600
    1830	52540.800
    1831	52942.500
    1832	53047.600
    1833	52608.000
    1834	51663.500
    1835	51513.100
    1836	51589.200
    1837	51151.900
    1838	50175.800
    1839	49718.400
    1840	49839.300
    1841	49253.800
    1842	48381.300
    1843	47976.700
    1844	47375.400
    1845	46617.100
    1846	46030.900
    1847	45406.000
    1848	44974.500
    1849	44415.000
    1850	43830.200
    1851	43094.100
    1852	42239.300
    1853	41509.700
    1854	41154.800
    1855	40905.700
    1856	40053.500
    1857	39017.600
    1858	38021.800
    1859	37108.400
    1860	36049.000
    1861	35439.100
    1862	35037.900
    1863	34207.700
    1864	33243.400
    1865	32493.700
    1866	31665.200
    1867	30699.000
    1868	29908.800
    1869	29401.500
    1870	28954.000
    1871	28219.100
    1872	27381.800
    1873	26343.400
    1874	25062.300
    1875	24156.700
    1876	23372.200
    1877	22681.700
    1878	21938.500
    1879	21353.800
    1880	20562.000
    1881	19638.500
    1882	18964.000
    1883	18140.200
    1884	17225.800
    1885	16367.100
    1886	15669.300
    1887	15152.400
    1888	14411.200
    1889	13863.800
    1890	13142.800
    1891	12401.000
    1892	11871.200
    1893	11301.200
    1894	10704.700
    1895	10258.700
    1896	9853.700 
    1897	9408.900 
    1898	8949.200 
    1899	8574.600 
    1900	8142.500 
    1901	7627.200 
    1902	7205.300 
    1903	6896.900 
    1904	6548.900 
    1905	6223.600 
    1906	5892.400 
    1907	5600.900 
    1908	5318.500 
    1909	5123.400 
    1910	4846.900 
    1911	4466.200 
    1912	4174.000 
    1913	3927.300 
    1914	3664.700 
    1915	3512.500 
    1916	3308.800 
    1917	3080.000 
    1918	2880.800 
    1919	2727.000 
    1920	2616.000 
    1921	2366.500 
    1922	2210.600 
    1923	2127.700 
    1924	2031.300 
    1925	1975.800 
    1926	1939.500 
    1927	1890.500 
    1928	1845.800 
    1929	1803.000 
    1930	1813.500 
    1931	1712.200 
    1932	1648.200 
    1933	1636.600 
    1934	1647.700 
    1935	1658.500 
    1936	1670.100 
    1937	1698.000 
    1938	1760.500 
    1939	1824.900 
    1940	1929.900 
    1941	1894.900 
    1942	1886.600 
    1943	1937.600 
    1944	1990.700 
    1945	2069.500 
    1946	2183.300 
    1947	2256.100 
    1948	2342.400 
    1949	2448.100 
    1950	2545.400 
    1951	2478.900 
    1952	2499.100 
    1953	2605.100 
    1954	2695.400 
    1955	2798.500 
    1956	2920.800 
    1957	3029.600 
    1958	3063.100 
    1959	3136.200 
    1960	3234.300 
    1961	3197.100 
    1962	3239.400 
    1963	3310.700 
    1964	3309.700 
    1965	3415.900 
    1966	3495.500 
    1967	3525.800 
    1968	3580.200 
    1969	3656.900 
    1970	3662.800 
    1971	3579.200 
    1972	3561.400 
    1973	3634.800 
    1974	3572.900 
    1975	3602.700 
    1976	3674.800 
    1977	3660.900 
    1978	3610.500 
    1979	3676.900 
    1980	3727.700 
    1981	3525.000 
    1982	3421.100 
    1983	3498.100 
    1984	3551.700 
    1985	3573.400 
    1986	3573.000 
    1987	3536.700 
    1988	3444.100 
    1989	3423.300 
    1990	3358.200 
    1991	3185.300 
    1992	3118.100 
    1993	3102.600 
    1994	3018.300 
    1995	2995.600 
    1996	3024.700 
    1997	3056.300 
    1998	3037.700 
    1999	3013.700 
    2000	2963.900 
    2001	2754.400 
    2002	2640.300 
    2003	2569.400 
    2004	2436.600 
    2005	2375.000 
    2006	2374.300 
    2007	2338.900 
    2008	2246.300 
    2009	2179.400 
    2010	2164.700 
    2011	2016.900 
    2012	1914.300 
    2013	1849.900 
    2014	1792.400 
    2015	1744.900 
    2016	1707.200 
    2017	1665.300 
    2018	1608.800 
    2019	1541.400 
    2020	1514.200 
    2021	1395.300 
    2022	1306.000 
    2023	1255.900 
    2024	1217.600 
    2025	1172.100 
    2026	1148.100 
    2027	1125.200 
    2028	1100.900 
    2029	1058.700 
    2030	1046.100 
    2031	983.500  
    2032	927.700  
    2033	888.100  
    2034	860.600  
    2035	833.800  
    2036	818.200  
    2037	803.100  
    2038	791.700  
    2039	766.000  
    2040	759.800  
    2041	737.000  
    2042	716.400  
    2043	694.500  
    2044	681.900  
    2045	670.900  
    2046	664.900  
    2047	660.500  
    2048	662.200  
    2049	650.800  
    2050	654.600  
    2051	646.100  
    2052	638.500  
    2053	628.200  
    2054	628.600  
    2055	629.800  
    2056	638.800  
    2057	644.100  
    2058	654.900  
    2059	651.400  
    2060	663.500  
    2061	664.000  
    2062	663.100  
    2063	660.700  
    2064	670.500  
    2065	680.500  
    2066	696.100  
    2067	710.900  
    2068	731.700  
    2069	737.900  
    2070	763.400  
    2071	774.000  
    2072	786.200  
    2073	801.700  
    2074	827.100  
    2075	851.500  
    2076	882.900  
    2077	916.300  
    2078	954.900  
    2079	980.600  
    2080	1027.500 
    2081	1032.000 
    2082	1035.600 
    2083	1045.300 
    2084	1060.200 
    2085	1075.600 
    2086	1100.900 
    2087	1132.600 
    2088	1155.600 
    2089	1159.100 
    2090	1200.200 
    2091	1173.300 
    2092	1155.000 
    2093	1148.500 
    2094	1149.300 
    2095	1150.900 
    2096	1171.300 
    2097	1186.500 
    2098	1190.400 
    2099	1188.600 
    2100	1212.300 
    2101	1178.900 
    2102	1155.800 
    2103	1140.000 
    2104	1123.900 
    2105	1117.200 
    2106	1117.900 
    2107	1120.900 
    2108	1118.400 
    2109	1094.100 
    2110	1109.600 
    2111	1073.800 
    2112	1035.400 
    2113	1003.900 
    2114	981.400  
    2115	963.200  
    2116	956.900  
    2117	946.300  
    2118	940.700  
    2119	918.100  
    2120	921.500  
    2121	887.800  
    2122	859.000  
    2123	832.100  
    2124	816.500  
    2125	803.800  
    2126	794.600  
    2127	788.100  
    2128	784.200  
    2129	763.000  
    2130	762.300  
    2131	738.200  
    2132	715.900  
    2133	694.200  
    2134	683.500  
    2135	672.200  
    2136	665.400  
    2137	659.100  
    2138	657.000  
    2139	641.100  
    2140	638.100  
    2141	622.200  
    2142	606.600  
    2143	589.200  
    2144	577.600  
    2145	567.800  
    2146	559.800  
    2147	553.700  
    2148	552.800  
    2149	536.300  
    2150	536.800  
    2151	525.100  
    2152	512.100  
    2153	497.700  
    2154	492.400  
    2155	488.700  
    2156	488.900  
    2157	489.900  
    2158	498.300  
    2159	491.700  
    2160	498.200  
    2161	495.300  
    2162	492.200  
    2163	484.600  
    2164	487.300  
    2165	489.200  
    2166	493.500  
    2167	500.700  
    2168	515.300  
    2169	514.200  
    2170	529.700  
    2171	533.800  
    2172	535.000  
    2173	532.900  
    2174	539.700  
    2175	545.100  
    2176	557.600  
    2177	570.400  
    2178	590.000  
    2179	592.900  
    2180	609.400  
    2181	612.200  
    2182	614.600  
    2183	614.400  
    2184	624.100  
    2185	634.000  
    2186	647.400  
    2187	659.700  
    2188	676.800  
    2189	681.000  
    2190	698.500  
    2191	703.100  
    2192	707.500  
    2193	709.400  
    2194	722.400  
    2195	734.400  
    2196	752.300  
    2197	766.100  
    2198	787.200  
    2199	790.900  
    2200	814.000  
    2201	813.200  
    2202	809.400  
    2203	806.100  
    2204	811.700  
    2205	815.700  
    2206	827.700  
    2207	839.100  
    2208	852.700  
    2209	850.700  
    2210	868.500  
    2211	854.500  
    2212	841.500  
    2213	830.000  
    2214	828.900  
    2215	826.700  
    2216	828.900  
    2217	831.000  
    2218	834.400  
    2219	819.700  
    2220	827.500  
    2221	809.000  
    2222	790.100  
    2223	773.800  
    2224	766.500  
    2225	759.000  
    2226	757.800  
    2227	755.500  
    2228	757.800  
    2229	743.300  
    2230	747.200  
    2231	728.700  
    2232	713.700  
    2233	698.400  
    2234	691.600  
    2235	684.800  
    2236	679.400  
    2237	675.500  
    2238	675.300  
    2239	661.400  
    2240	662.200  
    2241	649.200  
    2242	635.300  
    2243	619.000  
    2244	609.900  
    2245	602.200  
    2246	597.400  
    2247	590.800  
    2248	591.100  
    2249	576.000  
    2250	574.200  
    2251	561.600  
    2252	544.600  
    2253	525.400  
    2254	515.500  
    2255	506.200  
    2256	502.700  
    2257	500.800  
    2258	504.500  
    2259	492.400  
    2260	492.900  
    2261	485.600  
    2262	478.400  
    2263	469.000  
    2264	468.100  
    2265	466.500  
    2266	466.000  
    2267	465.300  
    2268	470.900  
    2269	462.800  
    2270	463.900  
    2271	461.900  
    2272	460.300  
    2273	454.600  
    2274	456.300  
    2275	457.100  
    2276	459.200  
    2277	459.300  
    2278	467.100  
    2279	459.800  
    2280	460.800  
    2281	460.900  
    2282	459.500  
    2283	454.800  
    2284	457.200  
    2285	458.300  
    2286	462.200  
    2287	463.900  
    2288	472.200  
    2289	465.200  
    2290	468.300  
    2291	469.100  
    2292	469.200  
    2293	465.000  
    2294	468.100  
    2295	471.200  
    2296	476.100  
    2297	481.500  
    2298	494.100  
    2299	490.100  
    2300	502.600  
    2301	506.700  
    2302	506.300  
    2303	502.200  
    2304	505.900  
    2305	508.600  
    2306	517.400  
    2307	525.300  
    2308	537.700  
    2309	534.800  
    2310	548.000  
    2311	546.300  
    2312	541.500  
    2313	534.600  
    2314	535.300  
    2315	534.700  
    2316	539.300  
    2317	549.000  
    2318	561.200  
    2319	556.700  
    2320	566.500  
    2321	563.800  
    2322	557.600  
    2323	547.500  
    2324	545.200  
    2325	544.300  
    2326	547.800  
    2327	551.000  
    2328	560.600  
    2329	554.400  
    2330	560.900  
    2331	554.300  
    2332	544.300  
    2333	532.500  
    2334	528.200  
    2335	523.400  
    2336	523.600  
    2337	524.400  
    2338	530.300  
    2339	519.000  
    2340	524.200  
    2341	516.700  
    2342	506.200  
    2343	492.300  
    2344	488.800  
    2345	485.700  
    2346	486.000  
    2347	485.500  
    2348	491.600  
    2349	482.400  
    2350	482.700  
    2351	479.900  
    2352	473.500  
    2353	465.100  
    2354	464.100  
    2355	463.200  
    2356	464.500  
    2357	463.400  
    2358	469.200  
    2359	460.500  
    2360	460.300  
    2361	458.200  
    2362	456.100  
    2363	450.100  
    2364	452.000  
    2365	452.700  
    2366	453.900  
    2367	453.000  
    2368	459.600  
    2369	450.900  
    2370	450.100  
    2371	449.000  
    2372	447.000  
    2373	442.700  
    2374	443.700  
    2375	444.800  
    2376	447.900  
    2377	448.600  
    2378	456.000  
    2379	447.500  
    2380	447.600  
    2381	447.500  
    2382	446.500  
    2383	442.500  
    2384	444.600  
    2385	446.700  
    2386	449.100  
    2387	449.700  
    2388	457.300  
    2389	450.500  
    2390	451.000  
    2391	451.100  
    2392	450.900  
    2393	447.100  
    2394	449.800  
    2395	451.900  
    2396	455.200  
    2397	456.700  
    2398	463.800  
    2399	457.700  
    2400	460.500  
    2401	461.900  
    2402	462.800  
    2403	459.100  
    2404	462.900  
    2405	465.400  
    2406	469.500  
    2407	472.700  
    2408	482.700  
    2409	478.600  
    2410	487.000  
    2411	490.800  
    2412	490.800  
    2413	486.700  
    2414	490.100  
    2415	495.000  
    2416	503.300  
    2417	512.800  
    2418	527.400  
    2419	525.400  
    2420	539.300  
    2421	539.400  
    2422	535.300  
    2423	527.700  
    2424	530.500  
    2425	532.000  
    2426	537.000  
    2427	543.300  
    2428	554.800  
    2429	549.300  
    2430	561.100  
    2431	556.700  
    2432	547.500  
    2433	538.900  
    2434	538.600  
    2435	537.500  
    2436	538.700  
    2437	542.500  
    2438	551.100  
    2439	544.400  
    2440	553.700  
    2441	547.900  
    2442	537.900  
    2443	524.600  
    2444	522.300  
    2445	518.800  
    2446	520.200  
    2447	521.400  
    2448	530.100  
    2449	521.400  
    2450	526.700  
    2451	519.800  
    2452	509.300  
    2453	496.600  
    2454	492.800  
    2455	488.600  
    2456	488.400  
    2457	486.500  
    2458	492.900  
    2459	483.300  
    2460	484.200  
    2461	479.500  
    2462	473.600  
    2463	465.700  
    2464	464.800  
    2465	464.700  
    2466	465.300  
    2467	463.300  
    2468	469.700  
    2469	460.600  
    2470	460.600  
    2471	458.500  
    2472	456.700  
    2473	450.100  
    2474	451.300  
    2475	451.300  
    2476	452.300  
    2477	451.300  
    2478	458.800  
    2479	449.600  
    2480	449.500  
    2481	447.500  
    2482	446.100  
    2483	441.600  
    2484	443.000  
    2485	444.500  
    2486	447.100  
    2487	447.300  
    2488	454.100  
    2489	446.300  
    2490	445.900  
    2491	445.700  
    2492	443.600  
    2493	438.900  
    2494	441.500  
    2495	443.000  
    2496	445.400  
    2497	446.200  
    2498	452.800  
    2499	445.000  
    2500	445.500  
    2501	444.600  
    2502	444.100  
    2503	440.200  
    2504	441.900  
    2505	444.200  
    2506	447.500  
    2507	448.200  
    2508	455.400  
    2509	447.800  
    2510	447.800  
    2511	447.800  
    2512	446.700  
    2513	442.400  
    2514	444.600  
    2515	446.900  
    2516	450.300  
    2517	450.400  
    2518	458.500  
    2519	450.200  
    2520	450.700  
    2521	451.300  
    2522	450.900  
    2523	446.800  
    2524	448.900  
    2525	451.500  
    2526	454.300  
    2527	454.100  
    2528	462.600  
    2529	455.400  
    2530	456.700  
    2531	456.600  
    2532	455.400  
    2533	451.400  
    2534	454.200  
    2535	455.800  
    2536	458.900  
    2537	459.800  
    2538	467.800  
    2539	460.900  
    2540	462.900  
    2541	463.500  
    2542	461.600  
    2543	456.700  
    2544	458.700  
    2545	460.400  
    2546	463.600  
    2547	464.000  
    2548	470.300  
    2549	463.500  
    2550	465.200  
    2551	464.700  
    2552	463.000  
    2553	456.700  
    2554	457.900  
    2555	458.700  
    2556	460.400  
    2557	460.200  
    2558	466.900  
    2559	458.300  
    2560	458.200  
    2561	456.900  
    2562	455.100  
    2563	449.800  
    2564	451.600  
    2565	452.400  
    2566	454.700  
    2567	454.100  
    2568	460.200  
    2569	451.300  
    2570	451.500  
    2571	450.300  
    2572	448.500  
    2573	443.100  
    2574	444.600  
    2575	446.200  
    2576	448.400  
    2577	447.800  
    2578	454.400  
    2579	446.200  
    2580	446.600  
    2581	445.000  
    2582	443.800  
    2583	438.900  
    2584	440.600  
    2585	441.700  
    2586	444.800  
    2587	445.200  
    2588	452.500  
    2589	444.000  
    2590	444.200  
    2591	443.100  
    2592	442.200  
    2593	437.100  
    2594	439.600  
    2595	441.200  
    2596	443.800  
    2597	444.500  
    2598	451.500  
    2599	443.700  
    2600	444.200  
    2601	443.000  
    2602	441.700  
    2603	437.600  
    2604	440.000  
    2605	442.100  
    2606	444.900  
    2607	445.000  
    2608	452.300  
    2609	444.500  
    2610	444.600  
    2611	443.800  
    2612	442.800  
    2613	438.600  
    2614	440.800  
    2615	442.900  
    2616	446.000  
    2617	446.700  
    2618	453.300  
    2619	446.200  
    2620	446.100  
    2621	446.200  
    2622	445.100  
    2623	441.200  
    2624	442.600  
    2625	444.700  
    2626	447.800  
    2627	447.900  
    2628	454.800  
    2629	447.900  
    2630	448.000  
    2631	447.000  
    2632	446.800  
    2633	441.800  
    2634	444.500  
    2635	446.200  
    2636	449.400  
    2637	449.300  
    2638	456.400  
    2639	449.500  
    2640	449.700  
    2641	449.000  
    2642	448.800  
    2643	444.900  
    2644	446.700  
    2645	449.000  
    2646	450.800  
    2647	451.800  
    2648	458.500  
    2649	450.900  
    2650	450.800  
    2651	450.600  
    2652	449.800  
    2653	444.600  
    2654	447.300  
    2655	449.100  
    2656	451.300  
    2657	452.400  
    2658	459.500  
    2659	451.300  
    2660	450.800  
    2661	450.300  
    2662	449.800  
    2663	444.700  
    2664	446.600  
    2665	447.700  
    2666	450.400  
    2667	450.800  
    2668	457.300  
    2669	449.100  
    2670	448.300  
    2671	448.400  
    2672	446.000  
    2673	442.100  
    2674	443.700  
    2675	444.500  
    2676	446.900  
    2677	447.900  
    2678	453.700  
    2679	446.400  
    2680	446.100  
    2681	444.800  
    2682	443.600  
    2683	439.100  
    2684	441.200  
    2685	442.500  
    2686	445.400  
    2687	445.600  
    2688	452.900  
    2689	444.600  
    2690	444.300  
    2691	443.800  
    2692	442.000  
    2693	437.400  
    2694	439.900  
    2695	441.500  
    2696	444.900  
    2697	445.400  
    2698	451.200  
    2699	443.600  
    2700	443.600  
    2701	443.100  
    2702	442.200  
    2703	437.100  
    2704	439.600  
    2705	441.200  
    2706	444.200  
    2707	445.200  
    2708	451.400  
    2709	443.700  
    2710	443.300  
    2711	442.800  
    2712	442.700  
    2713	437.500  
    2714	439.700  
    2715	440.800  
    2716	444.200  
    2717	445.100  
    2718	452.300  
    2719	444.500  
    2720	444.200  
    2721	443.800  
    2722	442.900  
    2723	437.500  
    2724	439.900  
    2725	442.000  
    2726	444.800  
    2727	445.700  
    2728	452.100  
    2729	444.600  
    2730	445.400  
    2731	444.600  
    2732	444.700  
    2733	440.200  
    2734	441.700  
    2735	443.800  
    2736	447.100  
    2737	447.700  
    2738	454.500  
    2739	447.300  
    2740	447.600  
    2741	446.800  
    2742	445.700  
    2743	441.600  
    2744	443.500  
    2745	445.600  
    2746	448.100  
    2747	449.200  
    2748	456.100  
    2749	448.300  
    2750	448.700  
    2751	448.100  
    2752	447.200  
    2753	443.100  
    2754	445.000  
    2755	446.400  
    2756	449.600  
    2757	449.800  
    2758	456.700  
    2759	448.800  
    2760	448.800  
    2761	448.200  
    2762	447.200  
    2763	442.300  
    2764	444.500  
    2765	445.900  
    2766	449.200  
    2767	449.400  
    2768	456.400  
    2769	448.400  
    2770	448.100  
    2771	447.300  
    2772	447.100  
    2773	442.500  
    2774	444.400  
    2775	445.900  
    2776	448.800  
    2777	448.300  
    2778	454.800  
    2779	446.700  
    2780	446.300  
    2781	446.000  
    2782	444.400  
    2783	439.600  
    2784	441.600  
    2785	443.500  
    2786	445.900  
    2787	446.700  
    2788	453.400  
    2789	445.700  
    2790	444.800  
    2791	444.300  
    2792	442.900  
    2793	437.900  
    2794	440.300  
    2795	441.800  
    2796	444.100  
    2797	444.900  
    2798	451.800  
    2799	443.500  
    2800	443.800  
    2801	442.700  
    2802	441.700  
    2803	436.300  
    2804	438.900  
    2805	440.800  
    2806	443.800  
    2807	444.400  
    2808	450.800  
    2809	443.100  
    2810	443.000  
    2811	442.100  
    2812	440.700  
    2813	436.400  
    2814	438.400  
    2815	441.000  
    2816	443.400  
    2817	444.400  
    2818	451.600  
    2819	444.000  
    2820	443.600  
    2821	443.000  
    2822	441.400  
    2823	437.100  
    2824	440.100  
    2825	441.300  
    2826	444.200  
    2827	445.000  
    2828	451.500  
    2829	444.500  
    2830	444.100  
    2831	443.200  
    2832	442.200  
    2833	437.800  
    2834	440.400  
    2835	441.900  
    2836	444.800  
    2837	445.600  
    2838	452.200  
    2839	444.500  
    2840	444.500  
    2841	443.400  
    2842	442.600  
    2843	438.400  
    2844	440.700  
    2845	442.500  
    2846	445.500  
    2847	446.400  
    2848	453.200  
    2849	445.700  
    2850	445.600  
    2851	445.400  
    2852	444.000  
    2853	439.700  
    2854	441.300  
    2855	443.100  
    2856	445.800  
    2857	446.700  
    2858	453.400  
    2859	445.600  
    2860	445.600  
    2861	444.900  
    2862	443.900  
    2863	439.900  
    2864	442.100  
    2865	444.100  
    2866	446.400  
    2867	447.700  
    2868	454.400  
    2869	447.000  
    2870	447.000  
    2871	445.700  
    2872	445.000  
    2873	440.500  
    2874	441.800  
    2875	443.700  
    2876	446.200  
    2877	446.800  
    2878	453.500  
    2879	444.900  
    2880	445.500  
    2881	444.900  
    2882	444.400  
    2883	439.000  
    2884	441.100  
    2885	442.500  
    2886	445.200  
    2887	445.900  
    2888	452.600  
    2889	444.800  
    2890	444.000  
    2891	443.700  
    2892	442.600  
    2893	437.700  
    2894	440.300  
    2895	441.700  
    2896	444.600  
    2897	444.500  
    2898	451.900  
    2899	443.600  
    2900	443.500  
    2901	442.600  
    2902	441.700  
    2903	437.400  
    2904	439.700  
    2905	441.300  
    2906	444.000  
    2907	444.500  
    2908	450.800  
    2909	442.800  
    2910	442.500  
    2911	441.900  
    2912	441.500  
    2913	436.600  
    2914	439.200  
    2915	440.900  
    2916	443.200  
    2917	444.400  
    2918	451.100  
    2919	443.500  
    2920	443.300  
    2921	442.500  
    2922	440.700  
    2923	435.900  
    2924	438.900  
    2925	440.200  
    2926	443.200  
    2927	444.100  
    2928	450.500  
    2929	443.100  
    2930	443.100  
    2931	442.200  
    2932	441.000  
    2933	436.300  
    2934	438.500  
    2935	440.500  
    2936	443.600  
    2937	444.000  
    2938	450.800  
    2939	442.800  
    2940	442.700  
    2941	442.200  
    2942	441.700  
    2943	436.500  
    2944	439.500  
    2945	442.000  
    2946	444.700  
    2947	444.800  
    2948	452.000  
    2949	444.100  
    2950	444.000  
    2951	442.700  
    2952	442.200  
    2953	436.900  
    2954	439.600  
    2955	441.200  
    2956	444.400  
    2957	445.400  
    2958	451.600  
    2959	445.000  
    2960	444.200  
    2961	444.000  
    2962	443.200  
    2963	438.200  
    2964	440.700  
    2965	442.700  
    2966	445.400  
    2967	445.900  
    2968	452.500  
    2969	444.900  
    2970	444.600  
    2971	444.300  
    2972	442.700  
    2973	438.100  
    2974	440.900  
    2975	442.100  
    2976	444.700  
    2977	445.600  
    2978	452.500  
    2979	444.600  
    2980	444.600  
    2981	444.400  
    2982	442.700  
    2983	438.000  
    2984	441.000  
    2985	442.400  
    2986	445.200  
    2987	445.700  
    2988	452.100  
    2989	443.900  
    2990	443.700  
    2991	443.000  
    2992	441.400  
    2993	437.500  
    2994	440.000  
    2995	441.800  
    2996	444.700  
    2997	445.800  
    2998	452.100  
    2999	444.300  
    3000	444.200  
    3001	443.800  
    3002	442.300  
    3003	437.300  
    3004	440.100  
    3005	442.100  
    3006	444.500  
    3007	444.900  
    3008	451.900  
    3009	444.000  
    3010	443.400  
    3011	443.200  
    3012	441.600  
    3013	437.000  
    3014	439.600  
    3015	441.300  
    3016	443.700  
    3017	443.900  
    3018	450.800  
    3019	442.900  
    3020	442.900  
    3021	441.900  
    3022	441.000  
    3023	436.200  
    3024	438.700  
    3025	440.200  
    3026	443.100  
    3027	443.900  
    3028	450.700  
    3029	443.300  
    3030	442.400  
    3031	441.400  
    3032	441.100  
    3033	436.100  
    3034	438.500  
    3035	441.000  
    3036	443.600  
    3037	445.000  
    3038	451.700  
    3039	442.400  
    3040	442.600  
    3041	441.800  
    3042	441.100  
    3043	436.100  
    3044	439.000  
    3045	440.700  
    3046	443.500  
    3047	443.900  
    3048	450.900  
    3049	442.800  
    3050	443.600  
    3051	441.900  
    3052	441.600  
    3053	436.700  
    3054	439.100  
    3055	441.600  
    3056	443.900  
    3057	444.600  
    3058	451.800  
    3059	443.800  
    3060	443.300  
    3061	442.500  
    3062	441.900  
    3063	436.800  
    3064	440.500  
    3065	441.100  
    3066	444.600  
    3067	445.200  
    3068	451.400  
    3069	444.200  
    3070	443.600  
    3071	443.100  
    3072	441.900  
    3073	437.300  
    3074	439.700  
    3075	441.500  
    3076	444.200  
    3077	445.300  
    3078	452.200  
    3079	444.300  
    3080	443.800  
    3081	443.200  
    3082	442.400  
    3083	437.600  
    3084	440.500  
    3085	442.000  
    3086	444.900  
    3087	445.600  
    3088	451.700  
    3089	444.000  
    3090	443.300  
    3091	443.100  
    3092	441.900  
    3093	437.300  
    3094	440.000  
    3095	441.800  
    3096	444.500  
    3097	445.000  
    3098	451.800  
    3099	444.000  
    3100	443.400  
    3101	442.900  
    3102	441.700  
    3103	437.300  
    3104	439.000  
    3105	441.400  
    3106	444.500  
    3107	444.800  
    3108	451.000  
    3109	443.200  
    3110	443.200  
    3111	442.200  
    3112	441.900  
    3113	436.600  
    3114	439.300  
    3115	441.100  
    3116	443.600  
    3117	444.100  
    3118	450.400  
    3119	443.700  
    3120	443.300  
    3121	441.700  
    3122	441.300  
    3123	436.800  
    3124	438.900  
    3125	440.900  
    3126	443.400  
    3127	443.600  
    3128	451.200  
    3129	443.400  
    3130	442.400  
    3131	442.000  
    3132	441.100  
    3133	436.100  
    3134	438.500  
    3135	440.900  
    3136	443.300  
    3137	444.100  
    3138	450.300  
    3139	442.500  
    3140	442.800  
    3141	442.300  
    3142	441.300  
    3143	436.600  
    3144	439.000  
    3145	440.700  
    3146	444.000  
    3147	444.200  
    3148	451.000  
    3149	443.500  
    3150	442.700  
    3151	442.200  
    3152	441.000  
    3153	436.500  
    3154	439.000  
    3155	441.300  
    3156	443.600  
    3157	443.700  
    3158	450.900  
    3159	443.600  
    3160	442.900  
    3161	442.300  
    3162	441.300  
    3163	436.300  
    3164	439.300  
    3165	441.300  
    3166	443.800  
    3167	444.500  
    3168	451.900  
    3169	443.200  
    3170	443.300  
    3171	441.900  
    3172	441.300  
    3173	437.100  
    3174	439.900  
    3175	441.700  
    3176	444.800  
    3177	444.800  
    3178	451.500  
    3179	443.100  
    3180	443.900  
    3181	442.700  
    3182	442.600  
    3183	437.400  
    3184	440.200  
    3185	441.800  
    3186	445.000  
    3187	445.700  
    3188	451.600  
    3189	444.300  
    3190	443.900  
    3191	443.200  
    3192	442.200  
    3193	438.100  
    3194	440.600  
    3195	441.600  
    3196	445.300  
    3197	445.500  
    3198	452.600  
    3199	445.100  
    3200	444.400  
    3201	443.300  
    3202	442.800  
    3203	437.700  
    3204	440.200  
    3205	441.500  
    3206	445.100  
    3207	444.900  
    3208	452.200  
    3209	444.200  
    3210	443.300  
    3211	442.700  
    3212	441.200  
    3213	437.100  
    3214	439.200  
    3215	441.300  
    3216	444.100  
    3217	444.900  
    3218	451.600  
    3219	443.500  
    3220	443.000  
    3221	441.800  
    3222	440.900  
    3223	436.500  
    3224	439.400  
    3225	440.800  
    3226	443.900  
    3227	443.600  
    3228	450.500  
    3229	443.000  
    3230	442.500  
    3231	441.900  
    3232	440.700  
    3233	436.100  
    3234	438.400  
    3235	440.500  
    3236	442.900  
    3237	443.700  
    3238	451.000  
    3239	442.400  
    3240	442.500  
    3241	441.500  
    3242	440.700  
    3243	436.500  
    3244	438.700  
    3245	440.500  
    3246	443.100  
    3247	443.500  
    3248	450.800  
    3249	443.300  
    3250	442.600  
    3251	441.400  
    3252	440.800  
    3253	435.800  
    3254	438.700  
    3255	440.900  
    3256	443.500  
    3257	443.900  
    3258	450.600  
    3259	443.000  
    3260	442.300  
    3261	441.600  
    3262	441.000  
    3263	435.900  
    3264	438.500  
    3265	441.200  
    3266	443.000  
    3267	443.700  
    3268	450.700  
    3269	442.900  
    3270	442.900  
    3271	442.400  
    3272	441.000  
    3273	436.200  
    3274	439.200  
    3275	441.100  
    3276	443.900  
    3277	444.600  
    3278	451.400  
    3279	444.000  
    3280	443.500  
    3281	442.600  
    3282	441.400  
    3283	437.600  
    3284	440.000  
    3285	441.400  
    3286	444.300  
    3287	445.400  
    3288	451.300  
    3289	444.800  
    3290	443.700  
    3291	442.900  
    3292	442.300  
    3293	437.300  
    3294	439.600  
    3295	441.400  
    3296	444.100  
    3297	445.100  
    3298	451.400  
    3299	443.300  
    3300	443.400  
    3301	442.700  
    3302	442.200  
    3303	437.800  
    3304	439.800  
    3305	441.300  
    3306	444.200  
    3307	444.800  
    3308	451.500  
    3309	443.700  
    3310	443.800  
    3311	443.500  
    3312	442.000  
    3313	437.800  
    3314	439.800  
    3315	441.400  
    3316	443.500  
    3317	444.600  
    3318	451.600  
    3319	443.400  
    3320	443.200  
    3321	442.300  
    3322	441.500  
    3323	437.000  
    3324	439.100  
    3325	441.700  
    3326	443.900  
    3327	445.000  
    3328	452.000  
    3329	444.200  
    3330	444.000  
    3331	442.800  
    3332	441.600  
    3333	436.600  
    3334	439.300  
    3335	441.300  
    3336	443.700  
    3337	444.100  
    3338	451.200  
    3339	443.700  
    3340	443.300  
    3341	442.300  
    3342	441.300  
    3343	436.500  
    3344	439.400  
    3345	440.500  
    3346	443.300  
    3347	444.400  
    3348	450.900  
    3349	442.600  
    3350	443.000  
    3351	442.400  
    3352	441.300  
    3353	436.800  
    3354	438.800  
    3355	441.500  
    3356	443.700  
    3357	444.300  
    3358	451.900  
    3359	443.200  
    3360	443.000  
    3361	442.300  
    3362	441.100  
    3363	436.400  
    3364	439.300  
    3365	440.700  
    3366	443.300  
    3367	443.900  
    3368	450.700  
    3369	442.400  
    3370	442.500  
    3371	442.000  
    3372	440.800  
    3373	436.800  
    3374	438.500  
    3375	441.100  
    3376	443.800  
    3377	444.200  
    3378	451.000  
    3379	442.700  
    3380	443.000  
    3381	441.800  
    3382	441.200  
    3383	436.600  
    3384	439.700  
    3385	441.700  
    3386	443.700  
    3387	444.900  
    3388	451.800  
    3389	443.000  
    3390	442.800  
    3391	442.400  
    3392	441.000  
    3393	436.500  
    3394	439.000  
    3395	440.800  
    3396	444.100  
    3397	444.700  
    3398	451.100  
    3399	442.900  
    3400	443.200  
    3401	442.600  
    3402	441.400  
    3403	437.000  
    3404	439.500  
    3405	441.700  
    3406	444.500  
    3407	444.900  
    3408	451.400  
    3409	444.300  
    3410	444.200  
    3411	443.100  
    3412	441.600  
    3413	436.800  
    3414	439.300  
    3415	441.300  
    3416	444.000  
    3417	444.600  
    3418	451.400  
    3419	442.900  
    3420	443.100  
    3421	442.100  
    3422	441.300  
    3423	436.100  
    3424	439.200  
    3425	441.300  
    3426	443.700  
    3427	444.400  
    3428	451.000  
    3429	443.500  
    3430	442.800  
    3431	441.300  
    3432	440.300  
    3433	436.500  
    3434	438.600  
    3435	440.800  
    3436	442.700  
    3437	443.600  
    3438	451.100  
    3439	443.700  
    3440	443.300  
    3441	442.000  
    3442	440.600  
    3443	436.700  
    3444	439.200  
    3445	441.300  
    3446	443.400  
    3447	443.700  
    3448	450.600  
    3449	442.900  
    3450	441.900  
    3451	441.800  
    3452	440.200  
    3453	436.200  
    3454	439.000  
    3455	440.300  
    3456	442.900  
    3457	443.600  
    3458	450.200  
    3459	442.800  
    3460	442.600  
    3461	442.200  
    3462	441.100  
    3463	436.700  
    3464	439.300  
    3465	440.500  
    3466	443.500  
    3467	443.800  
    3468	450.600  
    3469	442.500  
    3470	442.400  
    3471	441.400  
    3472	440.700  
    3473	436.100  
    3474	438.700  
    3475	440.700  
    3476	443.400  
    3477	443.700  
    3478	450.600  
    3479	443.000  
    3480	442.600  
    3481	441.500  
    3482	440.600  
    3483	436.800  
    3484	439.000  
    3485	440.800  
    3486	443.500  
    3487	443.900  
    3488	450.300  
    3489	442.800  
    3490	442.500  
    3491	441.700  
    3492	440.300  
    3493	436.500  
    3494	439.200  
    3495	440.800  
    3496	443.500  
    3497	443.900  
    3498	450.800  
    3499	443.500  
    3500	442.700  
    3501	442.600  
    3502	441.300  
    3503	436.500  
    3504	439.100  
    3505	441.400  
    3506	443.600  
    3507	444.000  
    3508	451.200  
    3509	443.000  
    3510	442.600  
    3511	441.500  
    3512	440.800  
    3513	436.500  
    3514	439.400  
    3515	441.100  
    3516	443.700  
    3517	444.600  
    3518	451.600  
    3519	443.500  
    3520	442.900  
    3521	442.300  
    3522	441.100  
    3523	436.500  
    3524	438.900  
    3525	441.000  
    3526	444.300  
    3527	444.400  
    3528	450.800  
    3529	442.900  
    3530	443.100  
    3531	442.100  
    3532	440.500  
    3533	436.700  
    3534	438.600  
    3535	441.100  
    3536	443.500  
    3537	443.900  
    3538	451.100  
    3539	443.400  
    3540	442.600  
    3541	442.200  
    3542	441.000  
    3543	436.400  
    3544	439.000  
    3545	440.900  
    3546	443.100  
    3547	444.600  
    3548	451.100  
    3549	443.300  
    3550	442.900  
    3551	442.200  
    3552	440.900  
    3553	435.900  
    3554	438.600  
    3555	441.000  
    3556	443.400  
    3557	443.900  
    3558	450.300  
    3559	442.300  
    3560	441.900  
    3561	440.900  
    3562	439.800  
    3563	435.600  
    3564	438.600  
    3565	440.600  
    3566	443.000  
    3567	443.600  
    3568	450.300  
    3569	442.700  
    3570	442.200  
    3571	442.500  
    3572	440.400  
    3573	435.800  
    3574	438.300  
    3575	440.300  
    3576	443.300  
    3577	443.500  
    3578	450.600  
    3579	442.900  
    3580	442.100  
    3581	441.300  
    3582	440.300  
    3583	435.500  
    3584	438.300  
    3585	440.800  
    3586	442.500  
    3587	443.000  
    3588	450.400  
    3589	442.300  
    3590	442.400  
    3591	441.100  
    3592	440.000  
    3593	436.000  
    3594	438.500  
    3595	440.900  
    3596	443.400  
    3597	443.100  
    3598	450.500  
    3599	442.900  
    3600	442.500  
    3601	441.300  
    3602	440.500  
    3603	435.600  
    3604	438.200  
    3605	440.400  
    3606	443.200  
    3607	444.100  
    3608	450.400  
    3609	442.900  
    3610	442.500  
    3611	442.000  
    3612	441.100  
    3613	436.300  
    3614	438.500  
    3615	440.700  
    3616	442.900  
    3617	444.100  
    3618	450.400  
    3619	443.000  
    3620	443.300  
    3621	441.800  
    3622	440.500  
    3623	436.200  
    3624	438.500  
    3625	440.900  
    3626	443.500  
    3627	444.000  
    3628	450.800  
    3629	442.700  
    3630	442.900  
    3631	442.200  
    3632	440.400  
    3633	436.200  
    3634	439.100  
    3635	441.000  
    3636	444.300  
    3637	444.900  
    3638	451.200  
    3639	443.100  
    3640	442.800  
    3641	441.700  
    3642	440.500  
    3643	436.300  
    3644	439.000  
    3645	441.300  
    3646	443.500  
    3647	443.700  
#  ***END
